id_cp_interaction	interacting_pair	partner_a	partner_b	gene_a	gene_b	secreted	receptor_a	receptor_b	annotation_strategy	is_integrin	1|1	1|2	1|3	1|4	1|5	1|6	1|7	1|8	2|1	2|2	2|3	2|4	2|5	2|6	2|7	2|8	3|1	3|2	3|3	3|4	3|5	3|6	3|7	3|8	4|1	4|2	4|3	4|4	4|5	4|6	4|7	4|8	5|1	5|2	5|3	5|4	5|5	5|6	5|7	5|8	6|1	6|2	6|3	6|4	6|5	6|6	6|7	6|8	7|1	7|2	7|3	7|4	7|5	7|6	7|7	7|8	8|1	8|2	8|3	8|4	8|5	8|6	8|7	8|8
CPI-CS08CC8F9D3	ACVR1_BMPR2_BMP7	complex:ACVR1_BMPR2	simple:P18075		BMP7	True	True	False	user_curated	False	0.156	0.109	0.295	0.168	0.217	0.098	0.098	0.081	0.169	0.122	0.308	0.181	0.229	0.111	0.111	0.094	0.199	0.152	0.338	0.211	0.259	0.14	0.141	0.124	0.142	0.095	0.281	0.154	0.203	0.084	0.085	0.068	0.106	0.059	0.245	0.118	0.167	0.048	0.049	0.031	0.0	0.0	0.0	0.0	0.0	0.0	0.0	0.0	0.118	0.071	0.257	0.13	0.178	0.059	0.06	0.043	0.215	0.168	0.354	0.227	0.276	0.157	0.157	0.14
CPI-CS046B3C139	ACVR_1A2A receptor_BMP7	complex:ACVR_1A2A receptor	simple:P18075		BMP7	True	True	False	user_curated	False	0.156	0.109	0.295	0.168	0.217	0.098	0.098	0.081	0.12	0.072	0.258	0.132	0.18	0.061	0.062	0.045	0.194	0.147	0.333	0.207	0.255	0.136	0.137	0.12	0.142	0.095	0.281	0.154	0.203	0.084	0.085	0.068	0.106	0.059	0.245	0.118	0.167	0.048	0.049	0.031	0.0	0.0	0.0	0.0	0.0	0.0	0.0	0.0	0.118	0.071	0.257	0.13	0.178	0.059	0.06	0.043	0.136	0.089	0.275	0.148	0.197	0.078	0.078	0.061
CPI-CS0288D901D	ACVR_1A2B receptor_BMP7	complex:ACVR_1A2B receptor	simple:P18075		BMP7	True	True	False	user_curated	False	0.145	0.098	0.284	0.157	0.206	0.087	0.088	0.071	0.139	0.092	0.278	0.152	0.2	0.081	0.082	0.065	0.165	0.117	0.303	0.177	0.225	0.106	0.107	0.09	0.113	0.066	0.252	0.125	0.173	0.054	0.055	0.038	0.106	0.059	0.245	0.118	0.167	0.048	0.049	0.031	0.0	0.0	0.0	0.0	0.0	0.0	0.0	0.0	0.101	0.053	0.239	0.113	0.161	0.042	0.043	0.026	0.171	0.124	0.31	0.183	0.232	0.113	0.114	0.096
CPI-CS05EAF93CC	BMPR1A_BMPR2_BMP7	complex:BMPR1A_BMPR2	simple:P18075		BMP7	True	True	False	user_curated	False	0.151	0.103	0.289	0.163	0.211	0.092	0.093	0.076	0.166	0.118	0.304	0.178	0.226	0.107	0.108	0.091	0.182	0.134	0.321	0.194	0.242	0.123	0.124	0.107	0.157	0.11	0.296	0.169	0.217	0.099	0.099	0.082	0.144	0.097	0.283	0.156	0.205	0.086	0.086	0.069	0.1	0.053	0.239	0.112	0.161	0.042	0.043	0.025	0.118	0.071	0.257	0.13	0.178	0.059	0.06	0.043	0.206	0.159	0.345	0.218	0.267	0.148	0.149	0.132
CPI-CS0D35E69F6	BMR1A_ACR2A_BMP7	complex:BMR1A_ACR2A	simple:P18075		BMP7	True	True	False	user_curated	False	0.151	0.103	0.289	0.163	0.211	0.092	0.093	0.076	0.12	0.072	0.258	0.132	0.18	0.061	0.062	0.045	0.182	0.134	0.321	0.194	0.242	0.123	0.124	0.107	0.157	0.11	0.296	0.169	0.217	0.099	0.099	0.082	0.121	0.074	0.26	0.133	0.182	0.063	0.064	0.047	0.092	0.045	0.231	0.104	0.152	0.033	0.034	0.017	0.118	0.071	0.257	0.13	0.178	0.059	0.06	0.043	0.136	0.089	0.275	0.148	0.197	0.078	0.078	0.061
CPI-CS0C99F8D96	BMR1A_AVR2B_BMP7	complex:BMR1A_AVR2B	simple:P18075		BMP7	True	True	False	user_curated	False	0.145	0.098	0.284	0.157	0.206	0.087	0.088	0.071	0.139	0.092	0.278	0.152	0.2	0.081	0.082	0.065	0.165	0.117	0.303	0.177	0.225	0.106	0.107	0.09	0.113	0.066	0.252	0.125	0.173	0.054	0.055	0.038	0.121	0.074	0.26	0.133	0.182	0.063	0.064	0.047	0.092	0.045	0.231	0.104	0.152	0.033	0.034	0.017	0.101	0.053	0.239	0.113	0.161	0.042	0.043	0.026	0.171	0.124	0.31	0.183	0.232	0.113	0.114	0.096
CPI-CS091BF99D0	ACVR_1A2A receptor_INHBA	complex:ACVR_1A2A receptor	simple:P08476		INHBA	True	True	False	user_curated	False	0.0	0.115	0.0	0.0	0.163	0.0	0.0	0.0	0.0	0.079	0.0	0.0	0.127	0.0	0.0	0.0	0.0	0.154	0.0	0.0	0.202	0.0	0.0	0.0	0.0	0.102	0.0	0.0	0.15	0.0	0.0	0.0	0.0	0.065	0.0	0.0	0.114	0.0	0.0	0.0	0.0	0.0	0.0	0.0	0.0	0.0	0.0	0.0	0.0	0.077	0.0	0.0	0.125	0.0	0.0	0.0	0.0	0.095	0.0	0.0	0.144	0.0	0.0	0.0
CPI-CS04DD927C9	ACVR_1A2B receptor_INHBA	complex:ACVR_1A2B receptor	simple:P08476		INHBA	True	True	False	user_curated	False	0.0	0.105	0.0	0.0	0.153	0.0	0.0	0.0	0.0	0.099	0.0	0.0	0.147	0.0	0.0	0.0	0.0	0.124	0.0	0.0	0.172	0.0	0.0	0.0	0.0	0.072	0.0	0.0	0.12	0.0	0.0	0.0	0.0	0.065	0.0	0.0	0.114	0.0	0.0	0.0	0.0	0.0	0.0	0.0	0.0	0.0	0.0	0.0	0.0	0.06	0.0	0.0	0.108	0.0	0.0	0.0	0.0	0.13	0.0	0.0	0.179	0.0	0.0	0.0
CPI-CS0533A30DC	ACVR_1B2A receptor_INHBA	complex:ACVR_1B2A receptor	simple:P08476		INHBA	True	True	False	user_curated	False	0.0	0.153	0.0	0.0	0.201	0.0	0.0	0.0	0.0	0.079	0.0	0.0	0.127	0.0	0.0	0.0	0.0	0.154	0.0	0.0	0.202	0.0	0.0	0.0	0.0	0.102	0.0	0.0	0.15	0.0	0.0	0.0	0.0	0.081	0.0	0.0	0.129	0.0	0.0	0.0	0.0	0.051	0.0	0.0	0.099	0.0	0.0	0.0	0.0	0.086	0.0	0.0	0.134	0.0	0.0	0.0	0.0	0.095	0.0	0.0	0.144	0.0	0.0	0.0
CPI-CS0C159B54D	ACVR_1B2B receptor_INHBA	complex:ACVR_1B2B receptor	simple:P08476		INHBA	True	True	False	user_curated	False	0.0	0.105	0.0	0.0	0.153	0.0	0.0	0.0	0.0	0.099	0.0	0.0	0.147	0.0	0.0	0.0	0.0	0.124	0.0	0.0	0.172	0.0	0.0	0.0	0.0	0.072	0.0	0.0	0.12	0.0	0.0	0.0	0.0	0.081	0.0	0.0	0.129	0.0	0.0	0.0	0.0	0.051	0.0	0.0	0.099	0.0	0.0	0.0	0.0	0.06	0.0	0.0	0.108	0.0	0.0	0.0	0.0	0.104	0.0	0.0	0.152	0.0	0.0	0.0
CPI-CS0924060DB	ACVR_1C2A receptor_INHBA	complex:ACVR_1C2A receptor	simple:P08476		INHBA	True	True	False	user_curated	False	0.0	0.051	0.0	0.0	0.099	0.0	0.0	0.0	0.0	0.072	0.0	0.0	0.121	0.0	0.0	0.0	0.0	0.085	0.0	0.0	0.134	0.0	0.0	0.0	0.0	0.072	0.0	0.0	0.12	0.0	0.0	0.0	0.0	0.081	0.0	0.0	0.129	0.0	0.0	0.0	0.0	0.0	0.0	0.0	0.0	0.0	0.0	0.0	0.0	0.06	0.0	0.0	0.108	0.0	0.0	0.0	0.0	0.078	0.0	0.0	0.126	0.0	0.0	0.0
CPI-CS0B79F5D68	ACVR_1C2B receptor_INHBA	complex:ACVR_1C2B receptor	simple:P08476		INHBA	True	True	False	user_curated	False	0.0	0.051	0.0	0.0	0.099	0.0	0.0	0.0	0.0	0.072	0.0	0.0	0.121	0.0	0.0	0.0	0.0	0.085	0.0	0.0	0.134	0.0	0.0	0.0	0.0	0.072	0.0	0.0	0.12	0.0	0.0	0.0	0.0	0.081	0.0	0.0	0.129	0.0	0.0	0.0	0.0	0.0	0.0	0.0	0.0	0.0	0.0	0.0	0.0	0.06	0.0	0.0	0.108	0.0	0.0	0.0	0.0	0.078	0.0	0.0	0.126	0.0	0.0	0.0
CPI-CS073233FCC	ACVR_1A2A receptor_INHBB	complex:ACVR_1A2A receptor	simple:P09529		INHBB	True	True	False	user_curated	False	0.108	0.105	0.145	0.0	0.095	0.081	0.081	0.187	0.071	0.069	0.109	0.0	0.059	0.045	0.045	0.15	0.146	0.144	0.184	0.0	0.134	0.119	0.12	0.225	0.094	0.092	0.131	0.0	0.082	0.067	0.067	0.173	0.058	0.056	0.095	0.0	0.045	0.031	0.031	0.137	0.0	0.0	0.0	0.0	0.0	0.0	0.0	0.0	0.069	0.067	0.107	0.0	0.057	0.043	0.043	0.149	0.088	0.086	0.125	0.0	0.075	0.061	0.061	0.167
CPI-CS048465560	ACVR_1A2B receptor_INHBB	complex:ACVR_1A2B receptor	simple:P09529		INHBB	True	True	False	user_curated	False	0.097	0.095	0.134	0.0	0.085	0.07	0.07	0.176	0.091	0.089	0.129	0.0	0.079	0.064	0.065	0.17	0.116	0.114	0.154	0.0	0.104	0.09	0.09	0.195	0.064	0.062	0.102	0.0	0.052	0.038	0.038	0.143	0.058	0.056	0.095	0.0	0.045	0.031	0.031	0.137	0.0	0.0	0.0	0.0	0.0	0.0	0.0	0.0	0.052	0.05	0.09	0.0	0.04	0.026	0.026	0.131	0.123	0.121	0.16	0.0	0.11	0.096	0.096	0.202
CPI-CS02899BF8B	ACVR_1B2A receptor_INHBB	complex:ACVR_1B2A receptor	simple:P09529		INHBB	True	True	False	user_curated	False	0.145	0.143	0.183	0.0	0.133	0.119	0.119	0.224	0.071	0.069	0.109	0.0	0.059	0.045	0.045	0.15	0.146	0.144	0.184	0.0	0.134	0.119	0.12	0.225	0.094	0.092	0.131	0.0	0.082	0.067	0.067	0.173	0.073	0.071	0.111	0.0	0.061	0.046	0.046	0.152	0.043	0.041	0.081	0.0	0.031	0.017	0.017	0.122	0.078	0.076	0.116	0.0	0.066	0.051	0.052	0.157	0.088	0.086	0.125	0.0	0.075	0.061	0.061	0.167
CPI-CS085EF890A	ACVR_1B2B receptor_INHBB	complex:ACVR_1B2B receptor	simple:P09529		INHBB	True	True	False	user_curated	False	0.097	0.095	0.134	0.0	0.085	0.07	0.07	0.176	0.091	0.089	0.129	0.0	0.079	0.064	0.065	0.17	0.116	0.114	0.154	0.0	0.104	0.09	0.09	0.195	0.064	0.062	0.102	0.0	0.052	0.038	0.038	0.143	0.073	0.071	0.111	0.0	0.061	0.046	0.046	0.152	0.043	0.041	0.081	0.0	0.031	0.017	0.017	0.122	0.052	0.05	0.09	0.0	0.04	0.026	0.026	0.131	0.096	0.094	0.134	0.0	0.084	0.07	0.07	0.175
CPI-CS007ADC2D1	ACVR_1C2A receptor_INHBB	complex:ACVR_1C2A receptor	simple:P09529		INHBB	True	True	False	user_curated	False	0.043	0.041	0.081	0.0	0.031	0.016	0.017	0.122	0.065	0.063	0.102	0.0	0.052	0.038	0.038	0.144	0.078	0.076	0.115	0.0	0.065	0.051	0.051	0.157	0.064	0.062	0.102	0.0	0.052	0.038	0.038	0.143	0.073	0.071	0.111	0.0	0.061	0.046	0.046	0.152	0.0	0.0	0.0	0.0	0.0	0.0	0.0	0.0	0.052	0.05	0.09	0.0	0.04	0.026	0.026	0.131	0.07	0.068	0.108	0.0	0.058	0.043	0.044	0.149
CPI-CS0A5400A6A	ACVR_1C2B receptor_INHBB	complex:ACVR_1C2B receptor	simple:P09529		INHBB	True	True	False	user_curated	False	0.043	0.041	0.081	0.0	0.031	0.016	0.017	0.122	0.065	0.063	0.102	0.0	0.052	0.038	0.038	0.144	0.078	0.076	0.115	0.0	0.065	0.051	0.051	0.157	0.064	0.062	0.102	0.0	0.052	0.038	0.038	0.143	0.073	0.071	0.111	0.0	0.061	0.046	0.046	0.152	0.0	0.0	0.0	0.0	0.0	0.0	0.0	0.0	0.052	0.05	0.09	0.0	0.04	0.026	0.026	0.131	0.07	0.068	0.108	0.0	0.058	0.043	0.044	0.149
CPI-CS0E4E75E3B	BMPR1A_BMPR2_BMP2	complex:BMPR1A_BMPR2	simple:P12643		BMP2	True	True	False	user_curated	False	0.113	0.074	0.174	0.31	0.0	0.0	0.093	0.076	0.128	0.089	0.189	0.325	0.0	0.0	0.108	0.091	0.144	0.105	0.205	0.341	0.0	0.0	0.124	0.107	0.119	0.08	0.18	0.316	0.0	0.0	0.099	0.082	0.106	0.067	0.167	0.303	0.0	0.0	0.086	0.069	0.062	0.023	0.124	0.259	0.0	0.0	0.043	0.025	0.08	0.041	0.141	0.277	0.0	0.0	0.06	0.043	0.169	0.129	0.23	0.365	0.0	0.0	0.149	0.132
CPI-CS075442484	BMR1A_ACR2A_BMP2	complex:BMR1A_ACR2A	simple:P12643		BMP2	True	True	False	user_curated	False	0.113	0.074	0.174	0.31	0.0	0.0	0.093	0.076	0.082	0.043	0.143	0.279	0.0	0.0	0.062	0.045	0.144	0.105	0.205	0.341	0.0	0.0	0.124	0.107	0.119	0.08	0.18	0.316	0.0	0.0	0.099	0.082	0.084	0.044	0.145	0.281	0.0	0.0	0.064	0.047	0.054	0.015	0.115	0.251	0.0	0.0	0.034	0.017	0.08	0.041	0.141	0.277	0.0	0.0	0.06	0.043	0.098	0.059	0.159	0.295	0.0	0.0	0.078	0.061
CPI-CS0BE59B43E	BMR1A_AVR2B_BMP2	complex:BMR1A_AVR2B	simple:P12643		BMP2	True	True	False	user_curated	False	0.108	0.068	0.169	0.304	0.0	0.0	0.088	0.071	0.102	0.062	0.163	0.299	0.0	0.0	0.082	0.065	0.127	0.088	0.188	0.324	0.0	0.0	0.107	0.09	0.075	0.036	0.136	0.272	0.0	0.0	0.055	0.038	0.084	0.044	0.145	0.281	0.0	0.0	0.064	0.047	0.054	0.015	0.115	0.251	0.0	0.0	0.034	0.017	0.063	0.024	0.124	0.26	0.0	0.0	0.043	0.026	0.133	0.094	0.195	0.33	0.0	0.0	0.114	0.096
CPI-CS0CFA0E4C5	BMPR1A_BMPR2_GDF7	complex:BMPR1A_BMPR2	simple:Q7Z4P5		GDF7	True	True	False	user_curated	False	0.102	0.123	0.148	0.075	0.0	0.076	0.0	0.146	0.117	0.138	0.163	0.09	0.0	0.091	0.0	0.161	0.133	0.154	0.179	0.106	0.0	0.107	0.0	0.177	0.108	0.129	0.155	0.081	0.0	0.082	0.0	0.152	0.096	0.117	0.142	0.068	0.0	0.069	0.0	0.14	0.052	0.073	0.098	0.024	0.0	0.025	0.0	0.096	0.069	0.09	0.116	0.042	0.0	0.043	0.0	0.113	0.158	0.179	0.204	0.13	0.0	0.131	0.0	0.202
CPI-CS05789C9A0	BMR1A_ACR2A_GDF7	complex:BMR1A_ACR2A	simple:Q7Z4P5		GDF7	True	True	False	user_curated	False	0.102	0.123	0.148	0.075	0.0	0.076	0.0	0.146	0.071	0.092	0.117	0.044	0.0	0.045	0.0	0.115	0.133	0.154	0.179	0.106	0.0	0.107	0.0	0.177	0.108	0.129	0.155	0.081	0.0	0.082	0.0	0.152	0.073	0.094	0.119	0.045	0.0	0.046	0.0	0.117	0.043	0.064	0.09	0.016	0.0	0.017	0.0	0.087	0.069	0.09	0.116	0.042	0.0	0.043	0.0	0.113	0.088	0.109	0.134	0.06	0.0	0.061	0.0	0.132
CPI-CS0E5078EDE	BMR1A_AVR2B_GDF7	complex:BMR1A_AVR2B	simple:Q7Z4P5		GDF7	True	True	False	user_curated	False	0.097	0.118	0.143	0.069	0.0	0.07	0.0	0.141	0.091	0.112	0.137	0.063	0.0	0.064	0.0	0.135	0.116	0.137	0.162	0.089	0.0	0.09	0.0	0.16	0.064	0.085	0.111	0.037	0.0	0.038	0.0	0.108	0.073	0.094	0.119	0.045	0.0	0.046	0.0	0.117	0.043	0.064	0.09	0.016	0.0	0.017	0.0	0.087	0.052	0.073	0.098	0.025	0.0	0.026	0.0	0.096	0.123	0.144	0.169	0.095	0.0	0.096	0.0	0.167
CPI-CS04F78ACD6	ACVR_1B2A receptor_GDF11	complex:ACVR_1B2A receptor	simple:O95390		GDF11	True	True	False	user_curated	False	0.159	0.16	0.217	0.132	0.163	0.0	0.127	0.18	0.085	0.086	0.143	0.058	0.089	0.0	0.053	0.106	0.159	0.16	0.218	0.133	0.164	0.0	0.128	0.181	0.107	0.108	0.166	0.081	0.112	0.0	0.076	0.129	0.086	0.087	0.145	0.06	0.091	0.0	0.055	0.108	0.057	0.058	0.115	0.03	0.061	0.0	0.026	0.079	0.091	0.092	0.15	0.065	0.096	0.0	0.06	0.113	0.101	0.102	0.159	0.075	0.106	0.0	0.07	0.123
CPI-CS0384572FE	ACVR_1B2B receptor_GDF11	complex:ACVR_1B2B receptor	simple:O95390		GDF11	True	True	False	user_curated	False	0.11	0.111	0.169	0.084	0.115	0.0	0.079	0.132	0.104	0.105	0.163	0.078	0.109	0.0	0.073	0.126	0.13	0.131	0.188	0.103	0.134	0.0	0.098	0.151	0.078	0.079	0.136	0.051	0.082	0.0	0.047	0.1	0.086	0.087	0.145	0.06	0.091	0.0	0.055	0.108	0.057	0.058	0.115	0.03	0.061	0.0	0.026	0.079	0.066	0.067	0.124	0.039	0.07	0.0	0.034	0.087	0.11	0.111	0.168	0.083	0.114	0.0	0.079	0.132
CPI-CS0C8F1E01F	ACVR_1B2A receptor_BMP3	complex:ACVR_1B2A receptor	simple:P12645		BMP3	True	True	False	user_curated	False	0.0	0.114	0.0	0.176	0.118	0.0	0.0	0.0	0.0	0.039	0.0	0.102	0.044	0.0	0.0	0.0	0.0	0.114	0.0	0.177	0.119	0.0	0.0	0.0	0.0	0.062	0.0	0.125	0.066	0.0	0.0	0.0	0.0	0.041	0.0	0.104	0.045	0.0	0.0	0.0	0.0	0.012	0.0	0.075	0.016	0.0	0.0	0.0	0.0	0.046	0.0	0.109	0.051	0.0	0.0	0.0	0.0	0.056	0.0	0.119	0.06	0.0	0.0	0.0
CPI-SS0DE0A486F	NRP1_VEGFA	simple:O14786	simple:P15692	NRP1	VEGFA	True	True	False	user_curated	False	0.196	0.301	0.325	0.264	0.241	0.055	0.056	0.495	0.178	0.283	0.307	0.246	0.223	0.037	0.038	0.477	0.196	0.301	0.325	0.264	0.241	0.055	0.056	0.495	0.182	0.287	0.311	0.25	0.227	0.041	0.042	0.481	0.182	0.287	0.311	0.25	0.227	0.041	0.042	0.481	0.0	0.0	0.0	0.0	0.0	0.0	0.0	0.0	0.201	0.305	0.329	0.269	0.246	0.059	0.06	0.5	0.184	0.288	0.312	0.251	0.228	0.042	0.043	0.482
CPI-SS0E00478B4	NRP2_VEGFA	simple:O60462	simple:P15692	NRP2	VEGFA	True	True	False	user_curated	False	0.0	0.0	0.0	0.0	0.0	0.0	0.0	0.0	0.178	0.283	0.307	0.246	0.223	0.037	0.038	0.477	0.0	0.0	0.0	0.0	0.0	0.0	0.0	0.0	0.182	0.287	0.311	0.25	0.227	0.041	0.042	0.481	0.0	0.0	0.0	0.0	0.0	0.0	0.0	0.0	0.0	0.0	0.0	0.0	0.0	0.0	0.0	0.0	0.183	0.288	0.312	0.251	0.228	0.042	0.043	0.482	0.0	0.0	0.0	0.0	0.0	0.0	0.0	0.0
CPI-SS0855C0353	NRP1_PGF	simple:O14786	simple:P49763	NRP1	PGF	True	True	False	user_curated	False	0.027	0.028	0.043	0.0	0.0	0.0	0.0	0.0	0.009	0.01	0.025	0.0	0.0	0.0	0.0	0.0	0.027	0.028	0.043	0.0	0.0	0.0	0.0	0.0	0.013	0.014	0.029	0.0	0.0	0.0	0.0	0.0	0.013	0.014	0.029	0.0	0.0	0.0	0.0	0.0	0.0	0.0	0.0	0.0	0.0	0.0	0.0	0.0	0.031	0.032	0.047	0.0	0.0	0.0	0.0	0.0	0.014	0.015	0.03	0.0	0.0	0.0	0.0	0.0
CPI-SS0D22A09AD	NRP2_PGF	simple:O60462	simple:P49763	NRP2	PGF	True	True	False	user_curated	False	0.0	0.0	0.0	0.0	0.0	0.0	0.0	0.0	0.009	0.01	0.025	0.0	0.0	0.0	0.0	0.0	0.0	0.0	0.0	0.0	0.0	0.0	0.0	0.0	0.013	0.014	0.029	0.0	0.0	0.0	0.0	0.0	0.0	0.0	0.0	0.0	0.0	0.0	0.0	0.0	0.0	0.0	0.0	0.0	0.0	0.0	0.0	0.0	0.014	0.015	0.03	0.0	0.0	0.0	0.0	0.0	0.0	0.0	0.0	0.0	0.0	0.0	0.0	0.0
CPI-SS033E6DE7E	NRP1_VEGFB	simple:O14786	simple:P49765	NRP1	VEGFB	True	True	False	user_curated	False	1.019	0.949	1.163	0.522	0.514	0.313	0.349	1.092	1.001	0.931	1.144	0.503	0.496	0.295	0.331	1.073	1.019	0.949	1.162	0.521	0.514	0.313	0.349	1.092	1.005	0.935	1.148	0.507	0.5	0.299	0.335	1.078	1.005	0.935	1.149	0.508	0.5	0.299	0.335	1.078	0.0	0.0	0.0	0.0	0.0	0.0	0.0	0.0	1.023	0.953	1.167	0.526	0.518	0.318	0.353	1.096	1.006	0.936	1.15	0.509	0.501	0.3	0.336	1.079
CPI-SS08083B141	NRP1_SEMA3A	simple:O14786	simple:Q14563	NRP1	SEMA3A	True	True	False	user_curated	False	0.0	0.045	0.0	0.029	0.0	0.0	0.0	0.0	0.0	0.026	0.0	0.011	0.0	0.0	0.0	0.0	0.0	0.044	0.0	0.029	0.0	0.0	0.0	0.0	0.0	0.03	0.0	0.015	0.0	0.0	0.0	0.0	0.0	0.031	0.0	0.015	0.0	0.0	0.0	0.0	0.0	0.0	0.0	0.0	0.0	0.0	0.0	0.0	0.0	0.049	0.0	0.033	0.0	0.0	0.0	0.0	0.0	0.032	0.0	0.016	0.0	0.0	0.0	0.0
CPI-SS0F15C1AB3	NRP2_SEMA3F	simple:O60462	simple:Q13275	NRP2	SEMA3F	True	True	False	user_curated	False	0.0	0.0	0.0	0.0	0.0	0.0	0.0	0.0	0.03	0.01	0.016	0.033	0.011	0.0	0.0	0.012	0.0	0.0	0.0	0.0	0.0	0.0	0.0	0.0	0.034	0.014	0.02	0.037	0.015	0.0	0.0	0.016	0.0	0.0	0.0	0.0	0.0	0.0	0.0	0.0	0.0	0.0	0.0	0.0	0.0	0.0	0.0	0.0	0.036	0.015	0.021	0.038	0.016	0.0	0.0	0.017	0.0	0.0	0.0	0.0	0.0	0.0	0.0	0.0
CPI-SS0241A1F57	NRP2_SEMA3C	simple:O60462	simple:Q99985	NRP2	SEMA3C	True	True	False	user_curated	False	0.0	0.0	0.0	0.0	0.0	0.0	0.0	0.0	0.009	0.0	0.0	0.077	0.0	0.0	0.0	0.0	0.0	0.0	0.0	0.0	0.0	0.0	0.0	0.0	0.013	0.0	0.0	0.081	0.0	0.0	0.0	0.0	0.0	0.0	0.0	0.0	0.0	0.0	0.0	0.0	0.0	0.0	0.0	0.0	0.0	0.0	0.0	0.0	0.014	0.0	0.0	0.082	0.0	0.0	0.0	0.0	0.0	0.0	0.0	0.0	0.0	0.0	0.0	0.0
CPI-CS05426BFFA	IL1 receptor_IL1B	complex:IL1 receptor	simple:P01584		IL1B	True	True	False	user_curated	False	0.0	0.0	0.0	0.07	0.0	0.0	0.0	0.0	0.0	0.0	0.0	0.045	0.0	0.0	0.0	0.0	0.0	0.0	0.0	0.086	0.0	0.0	0.0	0.0	0.0	0.0	0.0	0.059	0.0	0.0	0.0	0.0	0.0	0.0	0.0	0.045	0.0	0.0	0.0	0.0	0.0	0.0	0.0	0.03	0.0	0.0	0.0	0.0	0.0	0.0	0.0	0.039	0.0	0.0	0.0	0.0	0.0	0.0	0.0	0.048	0.0	0.0	0.0	0.0
CPI-CS008C9D6E5	IL1 receptor inhibitor_IL1B	complex:IL1 receptor inhibitor	simple:P01584		IL1B	True	True	False	user_curated	False	0.0	0.0	0.0	0.025	0.0	0.0	0.0	0.0	0.0	0.0	0.0	0.0	0.0	0.0	0.0	0.0	0.0	0.0	0.0	0.026	0.0	0.0	0.0	0.0	0.0	0.0	0.0	0.029	0.0	0.0	0.0	0.0	0.0	0.0	0.0	0.0	0.0	0.0	0.0	0.0	0.0	0.0	0.0	0.0	0.0	0.0	0.0	0.0	0.0	0.0	0.0	0.0	0.0	0.0	0.0	0.0	0.0	0.0	0.0	0.0	0.0	0.0	0.0	0.0
CPI-CS0DEBE7B69	IL1 receptor_IL1RN	complex:IL1 receptor	simple:P18510		IL1RN	True	True	False	user_curated	False	0.051	0.0	0.061	0.063	0.056	0.0	0.0	0.0	0.026	0.0	0.036	0.038	0.031	0.0	0.0	0.0	0.067	0.0	0.077	0.079	0.072	0.0	0.0	0.0	0.039	0.0	0.05	0.051	0.044	0.0	0.0	0.0	0.025	0.0	0.036	0.037	0.03	0.0	0.0	0.0	0.011	0.0	0.021	0.023	0.016	0.0	0.0	0.0	0.02	0.0	0.03	0.032	0.025	0.0	0.0	0.0	0.029	0.0	0.039	0.041	0.034	0.0	0.0	0.0
CPI-CS085E95BC1	IL1 receptor inhibitor_IL1RN	complex:IL1 receptor inhibitor	simple:P18510		IL1RN	True	True	False	user_curated	False	0.005	0.0	0.016	0.017	0.01	0.0	0.0	0.0	0.0	0.0	0.0	0.0	0.0	0.0	0.0	0.0	0.007	0.0	0.017	0.019	0.012	0.0	0.0	0.0	0.01	0.0	0.02	0.022	0.015	0.0	0.0	0.0	0.0	0.0	0.0	0.0	0.0	0.0	0.0	0.0	0.0	0.0	0.0	0.0	0.0	0.0	0.0	0.0	0.0	0.0	0.0	0.0	0.0	0.0	0.0	0.0	0.0	0.0	0.0	0.0	0.0	0.0	0.0	0.0
CPI-CS04CBDE052	IL10 receptor_IL10	complex:IL10 receptor	simple:P22301		IL10	True	True	False	user_curated	False	0.0	0.0	0.0	0.0	0.0	0.0	0.0	0.0	0.0	0.0	0.008	0.0	0.011	0.0	0.0	0.012	0.0	0.0	0.013	0.0	0.016	0.0	0.0	0.017	0.0	0.0	0.0	0.0	0.0	0.0	0.0	0.0	0.0	0.0	0.0	0.0	0.0	0.0	0.0	0.0	0.0	0.0	0.0	0.0	0.0	0.0	0.0	0.0	0.0	0.0	0.0	0.0	0.0	0.0	0.0	0.0	0.0	0.0	0.0	0.0	0.0	0.0	0.0	0.0
CPI-CS0DDFD82E7	IL11 receptor_IL11	complex:IL11 receptor	simple:P20809		IL11	True	True	False	user_curated	False	0.0	0.018	0.0	0.0	0.0	0.0	0.0	0.0	0.0	0.033	0.0	0.0	0.0	0.0	0.0	0.0	0.0	0.023	0.0	0.0	0.0	0.0	0.0	0.0	0.0	0.032	0.0	0.0	0.0	0.0	0.0	0.0	0.0	0.04	0.0	0.0	0.0	0.0	0.0	0.0	0.0	0.018	0.0	0.0	0.0	0.0	0.0	0.0	0.0	0.018	0.0	0.0	0.0	0.0	0.0	0.0	0.0	0.045	0.0	0.0	0.0	0.0	0.0	0.0
CPI-CS06E556972	IL15 receptor_IL15	complex:IL15 receptor	simple:P40933		IL15	True	True	False	user_curated	False	0.0	0.0	0.0	0.0	0.0	0.0	0.0	0.0	0.018	0.026	0.0	0.032	0.017	0.0	0.0	0.019	0.012	0.021	0.0	0.026	0.012	0.0	0.0	0.013	0.0	0.0	0.0	0.0	0.0	0.0	0.0	0.0	0.0	0.0	0.0	0.0	0.0	0.0	0.0	0.0	0.0	0.0	0.0	0.0	0.0	0.0	0.0	0.0	0.0	0.0	0.0	0.0	0.0	0.0	0.0	0.0	0.0	0.0	0.0	0.0	0.0	0.0	0.0	0.0
CPI-CS0BA342294	IL17 receptor AE_IL17C	complex:IL17 receptor AE	simple:Q9P0M4		IL17C	True	True	False	user_curated	False	0.0	0.0	0.043	0.042	0.0	0.0	0.044	0.0	0.0	0.0	0.061	0.06	0.0	0.0	0.061	0.0	0.0	0.0	0.103	0.101	0.0	0.0	0.103	0.0	0.0	0.0	0.045	0.044	0.0	0.0	0.045	0.0	0.0	0.0	0.031	0.03	0.0	0.0	0.031	0.0	0.0	0.0	0.017	0.016	0.0	0.0	0.017	0.0	0.0	0.0	0.026	0.025	0.0	0.0	0.026	0.0	0.0	0.0	0.105	0.104	0.0	0.0	0.105	0.0
CPI-CS09831CCFD	IL18 receptor_IL18	complex:IL18 receptor	simple:Q14116		IL18	True	True	False	user_curated	False	0.0	0.0	0.0	0.0	0.0	0.0	0.0	0.0	0.0	0.0	0.0	0.0	0.0	0.0	0.0	0.0	0.0	0.0	0.009	0.026	0.0	0.0	0.0	0.0	0.0	0.0	0.0	0.0	0.0	0.0	0.0	0.0	0.0	0.0	0.0	0.0	0.0	0.0	0.0	0.0	0.0	0.0	0.0	0.0	0.0	0.0	0.0	0.0	0.0	0.0	0.0	0.0	0.0	0.0	0.0	0.0	0.0	0.0	0.0	0.0	0.0	0.0	0.0	0.0
CPI-CS0317FAF76	IL26 receptor_IL26	complex:IL26 receptor	simple:Q9NPH9		IL26	True	True	False	user_curated	False	0.0	0.009	0.0	0.0	0.0	0.0	0.0	0.0	0.0	0.016	0.0	0.0	0.0	0.0	0.0	0.0	0.0	0.025	0.0	0.0	0.0	0.0	0.0	0.0	0.0	0.018	0.0	0.0	0.0	0.0	0.0	0.0	0.0	0.0	0.0	0.0	0.0	0.0	0.0	0.0	0.0	0.0	0.0	0.0	0.0	0.0	0.0	0.0	0.0	0.012	0.0	0.0	0.0	0.0	0.0	0.0	0.0	0.012	0.0	0.0	0.0	0.0	0.0	0.0
CPI-CS0AB9C7139	IL7 receptor_IL7	complex:IL7 receptor	simple:P13232		IL7	True	True	False	user_curated	False	0.024	0.019	0.014	0.027	0.021	0.0	0.0	0.04	0.035	0.03	0.025	0.039	0.032	0.0	0.0	0.052	0.0	0.0	0.0	0.0	0.0	0.0	0.0	0.0	0.0	0.0	0.0	0.0	0.0	0.0	0.0	0.0	0.0	0.0	0.0	0.0	0.0	0.0	0.0	0.0	0.0	0.0	0.0	0.0	0.0	0.0	0.0	0.0	0.0	0.0	0.0	0.0	0.0	0.0	0.0	0.0	0.0	0.0	0.0	0.0	0.0	0.0	0.0	0.0
CPI-CS0E661878B	LIFR_OSM	complex:LIFR	simple:P13725		OSM	True	True	False	user_curated	False	0.0	0.019	0.0	0.0	0.0	0.0	0.0	0.0	0.0	0.056	0.0	0.0	0.0	0.0	0.0	0.0	0.0	0.055	0.0	0.0	0.0	0.0	0.0	0.0	0.0	0.047	0.0	0.0	0.0	0.0	0.0	0.0	0.0	0.049	0.0	0.0	0.0	0.0	0.0	0.0	0.0	0.0	0.0	0.0	0.0	0.0	0.0	0.0	0.0	0.029	0.0	0.0	0.0	0.0	0.0	0.0	0.0	0.021	0.0	0.0	0.0	0.0	0.0	0.0
CPI-CS06D50EBF8	OSMR_OSM	complex:OSMR	simple:P13725		OSM	True	True	False	user_curated	False	0.0	0.006	0.0	0.0	0.0	0.0	0.0	0.0	0.0	0.02	0.0	0.0	0.0	0.0	0.0	0.0	0.0	0.016	0.0	0.0	0.0	0.0	0.0	0.0	0.0	0.025	0.0	0.0	0.0	0.0	0.0	0.0	0.0	0.011	0.0	0.0	0.0	0.0	0.0	0.0	0.0	0.0	0.0	0.0	0.0	0.0	0.0	0.0	0.0	0.0	0.0	0.0	0.0	0.0	0.0	0.0	0.0	0.0	0.0	0.0	0.0	0.0	0.0	0.0
CPI-CS07557A266	MIS receptor 1_AMH	complex:MIS receptor 1	simple:P03971		AMH	True	True	False	user_curated	False	0.0	0.0	0.011	0.025	0.0	0.0	0.0	0.0	0.0	0.0	0.0	0.0	0.0	0.0	0.0	0.0	0.0	0.0	0.0	0.0	0.0	0.0	0.0	0.0	0.0	0.0	0.0	0.0	0.0	0.0	0.0	0.0	0.0	0.0	0.0	0.0	0.0	0.0	0.0	0.0	0.0	0.0	0.0	0.0	0.0	0.0	0.0	0.0	0.0	0.0	0.0	0.0	0.0	0.0	0.0	0.0	0.0	0.0	0.0	0.0	0.0	0.0	0.0	0.0
CPI-CS0D4BB4458	MIS receptor 3_AMH	complex:MIS receptor 3	simple:P03971		AMH	True	True	False	user_curated	False	0.0	0.0	0.011	0.025	0.0	0.0	0.0	0.0	0.0	0.0	0.0	0.0	0.0	0.0	0.0	0.0	0.0	0.0	0.0	0.0	0.0	0.0	0.0	0.0	0.0	0.0	0.0	0.0	0.0	0.0	0.0	0.0	0.0	0.0	0.0	0.0	0.0	0.0	0.0	0.0	0.0	0.0	0.0	0.0	0.0	0.0	0.0	0.0	0.0	0.0	0.0	0.0	0.0	0.0	0.0	0.0	0.0	0.0	0.0	0.0	0.0	0.0	0.0	0.0
CPI-SS0EA05941A	CCL5_CCR4	simple:P13501	simple:P51679	CCL5	CCR4	True	False	True	user_curated	False	0.008	0.0	0.01	0.0	0.0	0.0	0.0	0.014	0.124	0.0	0.126	0.0	0.0	0.0	0.0	0.13	0.0	0.0	0.0	0.0	0.0	0.0	0.0	0.0	0.0	0.0	0.0	0.0	0.0	0.0	0.0	0.0	0.0	0.0	0.0	0.0	0.0	0.0	0.0	0.0	0.0	0.0	0.0	0.0	0.0	0.0	0.0	0.0	0.0	0.0	0.0	0.0	0.0	0.0	0.0	0.0	0.011	0.0	0.013	0.0	0.0	0.0	0.0	0.018
CPI-SS0CC738ABC	CXCL11_DPP4	simple:O14625	simple:P27487	CXCL11	DPP4	True	False	True	user_curated	False	0.0	0.0	0.0	0.0	0.0	0.0	0.0	0.0	0.0	0.0	0.0	0.0	0.0	0.0	0.0	0.0	0.015	0.008	0.03	0.026	0.08	0.0	0.0	0.013	0.0	0.0	0.0	0.0	0.0	0.0	0.0	0.0	0.0	0.0	0.0	0.0	0.0	0.0	0.0	0.0	0.0	0.0	0.0	0.0	0.0	0.0	0.0	0.0	0.0	0.0	0.0	0.0	0.0	0.0	0.0	0.0	0.0	0.0	0.0	0.0	0.0	0.0	0.0	0.0
CPI-SS0FDAB7BA8	CXCL10_DPP4	simple:P02778	simple:P27487	CXCL10	DPP4	True	False	True	user_curated	False	0.0	0.0	0.0	0.0	0.0	0.0	0.0	0.0	0.014	0.007	0.029	0.025	0.079	0.0	0.0	0.012	0.019	0.012	0.034	0.031	0.084	0.0	0.0	0.017	0.033	0.025	0.048	0.044	0.098	0.0	0.0	0.031	0.0	0.0	0.0	0.0	0.0	0.0	0.0	0.0	0.0	0.0	0.0	0.0	0.0	0.0	0.0	0.0	0.0	0.0	0.0	0.0	0.0	0.0	0.0	0.0	0.0	0.0	0.0	0.0	0.0	0.0	0.0	0.0
CPI-SS0CDAC688B	CXCL2_DPP4	simple:P19875	simple:P27487	CXCL2	DPP4	True	False	True	user_curated	False	0.116	0.108	0.13	0.127	0.181	0.0	0.0	0.114	0.037	0.03	0.052	0.048	0.102	0.0	0.0	0.035	0.109	0.102	0.124	0.12	0.174	0.0	0.0	0.107	1.048	1.04	1.062	1.059	1.113	0.0	0.0	1.046	0.056	0.049	0.071	0.068	0.121	0.0	0.0	0.054	0.036	0.028	0.051	0.047	0.101	0.0	0.0	0.034	0.054	0.046	0.069	0.065	0.119	0.0	0.0	0.052	0.0	0.0	0.0	0.0	0.0	0.0	0.0	0.0
CPI-SS08102DC9E	CXCL1_CXCR2	simple:P09341	simple:P25025	CXCL1	CXCR2	True	False	True	user_curated	False	0.0	0.0	0.0	0.0	0.0	0.0	0.0	0.0	0.013	0.02	0.0	0.0	0.0	0.0	0.0	0.0	0.007	0.014	0.0	0.0	0.0	0.0	0.0	0.0	0.098	0.105	0.0	0.0	0.0	0.0	0.0	0.0	0.01	0.017	0.0	0.0	0.0	0.0	0.0	0.0	0.011	0.018	0.0	0.0	0.0	0.0	0.0	0.0	0.0	0.0	0.0	0.0	0.0	0.0	0.0	0.0	0.0	0.0	0.0	0.0	0.0	0.0	0.0	0.0
CPI-SS0315F51DD	CXCL8_CXCR2	simple:P10145	simple:P25025	CXCL8	CXCR2	True	False	True	user_curated	False	0.288	0.295	0.0	0.0	0.0	0.0	0.0	0.0	0.006	0.013	0.0	0.0	0.0	0.0	0.0	0.0	0.02	0.027	0.0	0.0	0.0	0.0	0.0	0.0	0.304	0.311	0.0	0.0	0.0	0.0	0.0	0.0	0.01	0.017	0.0	0.0	0.0	0.0	0.0	0.0	0.0	0.0	0.0	0.0	0.0	0.0	0.0	0.0	0.011	0.018	0.0	0.0	0.0	0.0	0.0	0.0	0.0	0.0	0.0	0.0	0.0	0.0	0.0	0.0
CPI-SS0F562FEA5	CXCL2_CXCR2	simple:P19875	simple:P25025	CXCL2	CXCR2	True	False	True	user_curated	False	0.108	0.115	0.0	0.0	0.0	0.0	0.0	0.0	0.029	0.036	0.0	0.0	0.0	0.0	0.0	0.0	0.101	0.108	0.0	0.0	0.0	0.0	0.0	0.0	1.039	1.047	0.0	0.0	0.0	0.0	0.0	0.0	0.048	0.055	0.0	0.0	0.0	0.0	0.0	0.0	0.028	0.035	0.0	0.0	0.0	0.0	0.0	0.0	0.046	0.053	0.0	0.0	0.0	0.0	0.0	0.0	0.0	0.0	0.0	0.0	0.0	0.0	0.0	0.0
CPI-SS09185EA8F	CXCL3_CXCR2	simple:P19876	simple:P25025	CXCL3	CXCR2	True	False	True	user_curated	False	0.024	0.031	0.0	0.0	0.0	0.0	0.0	0.0	0.059	0.066	0.0	0.0	0.0	0.0	0.0	0.0	0.118	0.125	0.0	0.0	0.0	0.0	0.0	0.0	1.466	1.473	0.0	0.0	0.0	0.0	0.0	0.0	0.048	0.055	0.0	0.0	0.0	0.0	0.0	0.0	0.011	0.018	0.0	0.0	0.0	0.0	0.0	0.0	0.011	0.018	0.0	0.0	0.0	0.0	0.0	0.0	0.02	0.027	0.0	0.0	0.0	0.0	0.0	0.0
CPI-SS0179FBFD3	TNFRSF10A_TNFSF10	simple:O00220	simple:P50591	TNFRSF10A	TNFSF10	True	True	False	user_curated	False	0.0	0.0	0.0	0.0	0.0	0.0	0.0	0.0	0.309	0.257	0.303	0.281	0.198	0.075	0.094	0.516	0.0	0.0	0.0	0.0	0.0	0.0	0.0	0.0	0.308	0.255	0.301	0.279	0.197	0.073	0.092	0.515	0.0	0.0	0.0	0.0	0.0	0.0	0.0	0.0	0.0	0.0	0.0	0.0	0.0	0.0	0.0	0.0	0.0	0.0	0.0	0.0	0.0	0.0	0.0	0.0	0.328	0.275	0.321	0.3	0.217	0.093	0.113	0.535
CPI-SS0AD0ED887	TNFRSF11B_TNFSF10	simple:O00300	simple:P50591	TNFRSF11B	TNFSF10	True	False	False	user_curated	False	0.325	0.272	0.319	0.297	0.214	0.091	0.11	0.532	0.0	0.0	0.0	0.0	0.0	0.0	0.0	0.0	0.361	0.309	0.355	0.333	0.25	0.127	0.146	0.568	0.315	0.262	0.308	0.287	0.204	0.08	0.1	0.522	0.414	0.361	0.408	0.386	0.303	0.18	0.199	0.621	0.0	0.0	0.0	0.0	0.0	0.0	0.0	0.0	0.0	0.0	0.0	0.0	0.0	0.0	0.0	0.0	0.302	0.249	0.295	0.273	0.191	0.067	0.086	0.509
CPI-SS0898D7F7F	TNFRSF10B_TNFSF10	simple:O14763	simple:P50591	TNFRSF10B	TNFSF10	True	True	False	user_curated	False	0.0	0.0	0.0	0.0	0.0	0.0	0.0	0.0	0.306	0.253	0.299	0.278	0.195	0.071	0.091	0.513	0.0	0.0	0.0	0.0	0.0	0.0	0.0	0.0	0.33	0.277	0.323	0.301	0.219	0.095	0.114	0.537	0.0	0.0	0.0	0.0	0.0	0.0	0.0	0.0	0.0	0.0	0.0	0.0	0.0	0.0	0.0	0.0	0.0	0.0	0.0	0.0	0.0	0.0	0.0	0.0	0.0	0.0	0.0	0.0	0.0	0.0	0.0	0.0
CPI-SS01ECFDA18	TNFRSF10C_TNFSF10	simple:O14798	simple:P50591	TNFRSF10C	TNFSF10	True	True	False	user_curated	False	0.0	0.0	0.0	0.0	0.0	0.0	0.0	0.0	0.0	0.0	0.0	0.0	0.0	0.0	0.0	0.0	0.302	0.249	0.295	0.273	0.19	0.067	0.086	0.509	0.0	0.0	0.0	0.0	0.0	0.0	0.0	0.0	0.0	0.0	0.0	0.0	0.0	0.0	0.0	0.0	0.0	0.0	0.0	0.0	0.0	0.0	0.0	0.0	0.0	0.0	0.0	0.0	0.0	0.0	0.0	0.0	0.0	0.0	0.0	0.0	0.0	0.0	0.0	0.0
CPI-SS033A27302	LEFTY2_TDGF1	simple:O00292	simple:P13385	LEFTY2	TDGF1	True	False	False	user_curated	False	0.0	0.0	0.0	0.0	0.0	0.0	0.0	0.0	0.0	0.0	0.0	0.0	0.0	0.0	0.0	0.0	0.031	0.008	0.013	0.012	0.0	0.0	0.0	0.0	0.0	0.0	0.0	0.0	0.0	0.0	0.0	0.0	0.0	0.0	0.0	0.0	0.0	0.0	0.0	0.0	0.0	0.0	0.0	0.0	0.0	0.0	0.0	0.0	0.0	0.0	0.0	0.0	0.0	0.0	0.0	0.0	0.0	0.0	0.0	0.0	0.0	0.0	0.0	0.0
CPI-SS0E9F84F1F	LEFTY1_TDGF1	simple:O75610	simple:P13385	LEFTY1	TDGF1	True	False	False	user_curated	False	0.61	0.587	0.592	0.591	0.0	0.0	0.0	0.0	0.0	0.0	0.0	0.0	0.0	0.0	0.0	0.0	0.33	0.307	0.312	0.311	0.0	0.0	0.0	0.0	0.1	0.077	0.082	0.081	0.0	0.0	0.0	0.0	0.0	0.0	0.0	0.0	0.0	0.0	0.0	0.0	0.127	0.103	0.109	0.107	0.0	0.0	0.0	0.0	0.182	0.158	0.164	0.163	0.0	0.0	0.0	0.0	0.0	0.0	0.0	0.0	0.0	0.0	0.0	0.0
CPI-SS04A5D6B6F	DLL1_NOTCH1	simple:O00548	simple:P46531	DLL1	NOTCH1	False	False	True	user_curated	False	0.048	0.054	0.127	0.045	0.0	0.0	0.072	0.0	0.116	0.122	0.195	0.113	0.0	0.0	0.14	0.0	0.045	0.051	0.124	0.042	0.0	0.0	0.069	0.0	0.025	0.031	0.104	0.022	0.0	0.0	0.049	0.0	0.087	0.092	0.166	0.083	0.0	0.0	0.11	0.0	0.0	0.0	0.0	0.0	0.0	0.0	0.0	0.0	0.0	0.0	0.0	0.0	0.0	0.0	0.0	0.0	0.186	0.192	0.265	0.183	0.0	0.0	0.21	0.0
CPI-SS0423580E5	DLL1_NOTCH2	simple:O00548	simple:Q04721	DLL1	NOTCH2	False	False	True	user_curated	False	0.04	0.0	0.0	0.06	0.0	0.0	0.0	0.0	0.108	0.0	0.0	0.127	0.0	0.0	0.0	0.0	0.037	0.0	0.0	0.056	0.0	0.0	0.0	0.0	0.017	0.0	0.0	0.037	0.0	0.0	0.0	0.0	0.078	0.0	0.0	0.098	0.0	0.0	0.0	0.0	0.0	0.0	0.0	0.0	0.0	0.0	0.0	0.0	0.0	0.0	0.0	0.0	0.0	0.0	0.0	0.0	0.178	0.0	0.0	0.197	0.0	0.0	0.0	0.0
CPI-SS060B82BBC	JAG1_NOTCH2	simple:P78504	simple:Q04721	JAG1	NOTCH2	False	False	True	user_curated	False	0.062	0.0	0.0	0.081	0.0	0.0	0.0	0.0	0.016	0.0	0.0	0.035	0.0	0.0	0.0	0.0	0.199	0.0	0.0	0.219	0.0	0.0	0.0	0.0	0.062	0.0	0.0	0.081	0.0	0.0	0.0	0.0	0.018	0.0	0.0	0.037	0.0	0.0	0.0	0.0	0.011	0.0	0.0	0.03	0.0	0.0	0.0	0.0	0.089	0.0	0.0	0.108	0.0	0.0	0.0	0.0	0.011	0.0	0.0	0.031	0.0	0.0	0.0	0.0
CPI-SS0FB5FE587	DLL1_NOTCH4	simple:O00548	simple:Q99466	DLL1	NOTCH4	False	False	True	user_curated	False	0.078	0.051	0.063	0.067	0.045	0.054	0.046	0.081	0.146	0.118	0.131	0.135	0.113	0.122	0.114	0.149	0.075	0.047	0.06	0.064	0.042	0.051	0.043	0.078	0.055	0.028	0.04	0.044	0.022	0.031	0.023	0.059	0.116	0.089	0.101	0.105	0.083	0.092	0.084	0.12	0.0	0.0	0.0	0.0	0.0	0.0	0.0	0.0	0.0	0.0	0.0	0.0	0.0	0.0	0.0	0.0	0.216	0.189	0.201	0.205	0.183	0.192	0.184	0.219
CPI-SS0837E9F59	JAG1_NOTCH4	simple:P78504	simple:Q99466	JAG1	NOTCH4	False	False	True	user_curated	False	0.099	0.072	0.085	0.089	0.067	0.076	0.068	0.103	0.053	0.026	0.039	0.043	0.021	0.03	0.022	0.057	0.237	0.21	0.222	0.226	0.204	0.213	0.205	0.24	0.099	0.072	0.084	0.088	0.066	0.075	0.067	0.103	0.055	0.028	0.041	0.045	0.023	0.032	0.024	0.059	0.049	0.021	0.034	0.038	0.016	0.025	0.017	0.052	0.127	0.099	0.112	0.116	0.094	0.103	0.095	0.13	0.049	0.022	0.034	0.038	0.016	0.025	0.017	0.053
CPI-SS047232C64	DLL1_NOTCH3	simple:O00548	simple:Q9UM47	DLL1	NOTCH3	False	False	True	user_curated	False	0.04	0.044	0.042	0.0	0.0	0.0	0.046	0.046	0.108	0.112	0.11	0.0	0.0	0.0	0.114	0.114	0.037	0.041	0.038	0.0	0.0	0.0	0.043	0.043	0.017	0.021	0.019	0.0	0.0	0.0	0.023	0.023	0.078	0.082	0.08	0.0	0.0	0.0	0.084	0.085	0.0	0.0	0.0	0.0	0.0	0.0	0.0	0.0	0.0	0.0	0.0	0.0	0.0	0.0	0.0	0.0	0.178	0.182	0.18	0.0	0.0	0.0	0.184	0.184
CPI-SS0B99F22A2	JAG1_NOTCH3	simple:P78504	simple:Q9UM47	JAG1	NOTCH3	False	False	True	user_curated	False	0.062	0.066	0.063	0.0	0.0	0.0	0.068	0.068	0.016	0.02	0.017	0.0	0.0	0.0	0.022	0.022	0.199	0.203	0.201	0.0	0.0	0.0	0.205	0.205	0.062	0.065	0.063	0.0	0.0	0.0	0.067	0.068	0.018	0.022	0.019	0.0	0.0	0.0	0.024	0.024	0.011	0.015	0.013	0.0	0.0	0.0	0.017	0.017	0.089	0.093	0.09	0.0	0.0	0.0	0.095	0.095	0.011	0.015	0.013	0.0	0.0	0.0	0.017	0.018
CPI-SS0938C6980	DLL4_NOTCH3	simple:Q9NR61	simple:Q9UM47	DLL4	NOTCH3	False	False	True	user_curated	False	0.005	0.009	0.007	0.0	0.0	0.0	0.011	0.011	0.062	0.066	0.063	0.0	0.0	0.0	0.068	0.068	0.05	0.054	0.051	0.0	0.0	0.0	0.056	0.056	0.017	0.021	0.019	0.0	0.0	0.0	0.023	0.023	0.033	0.037	0.035	0.0	0.0	0.0	0.039	0.039	0.0	0.0	0.0	0.0	0.0	0.0	0.0	0.0	0.029	0.032	0.03	0.0	0.0	0.0	0.034	0.035	0.011	0.015	0.013	0.0	0.0	0.0	0.017	0.018
CPI-SS00AEC3818	CCL19_ACKR4	simple:Q99731	simple:Q9NPB9	CCL19	ACKR4	True	False	True	user_curated	False	0.0	0.0	0.0	0.0	0.0	0.0	0.0	0.0	0.019	0.02	0.0	0.031	0.024	0.0	0.0	0.0	0.0	0.0	0.0	0.0	0.0	0.0	0.0	0.0	0.01	0.011	0.0	0.022	0.015	0.0	0.0	0.0	0.0	0.0	0.0	0.0	0.0	0.0	0.0	0.0	0.019	0.02	0.0	0.031	0.024	0.0	0.0	0.0	0.0	0.0	0.0	0.0	0.0	0.0	0.0	0.0	0.02	0.021	0.0	0.032	0.025	0.0	0.0	0.0
CPI-SS0AFE077D8	ACKR2_CCL4	simple:O00590	simple:P13236	ACKR2	CCL4	True	True	False	user_curated	False	0.0	0.056	0.0	0.0	0.0	0.0	0.0	0.0	0.0	0.049	0.0	0.0	0.0	0.0	0.0	0.0	0.0	0.06	0.0	0.0	0.0	0.0	0.0	0.0	0.0	0.05	0.0	0.0	0.0	0.0	0.0	0.0	0.0	0.0	0.0	0.0	0.0	0.0	0.0	0.0	0.0	0.0	0.0	0.0	0.0	0.0	0.0	0.0	0.0	0.0	0.0	0.0	0.0	0.0	0.0	0.0	0.0	0.052	0.0	0.0	0.0	0.0	0.0	0.0
CPI-SS0AE4CF4E7	ACKR2_CCL5	simple:O00590	simple:P13501	ACKR2	CCL5	True	True	False	user_curated	False	0.019	0.135	0.0	0.0	0.0	0.0	0.0	0.022	0.012	0.128	0.0	0.0	0.0	0.0	0.0	0.015	0.022	0.139	0.0	0.0	0.0	0.0	0.0	0.026	0.013	0.129	0.0	0.0	0.0	0.0	0.0	0.016	0.0	0.0	0.0	0.0	0.0	0.0	0.0	0.0	0.0	0.0	0.0	0.0	0.0	0.0	0.0	0.0	0.0	0.0	0.0	0.0	0.0	0.0	0.0	0.0	0.014	0.13	0.0	0.0	0.0	0.0	0.0	0.018
CPI-SS0DBA4D668	DPP4_CXCL12	simple:P27487	simple:P48061	DPP4	CXCL12	True	True	False	user_curated	False	0.013	0.0	0.0	0.018	0.0	0.0	0.0	0.0	0.006	0.0	0.0	0.011	0.0	0.0	0.0	0.0	0.028	0.0	0.0	0.033	0.0	0.0	0.0	0.0	0.025	0.0	0.0	0.029	0.0	0.0	0.0	0.0	0.078	0.0	0.0	0.083	0.0	0.0	0.0	0.0	0.0	0.0	0.0	0.0	0.0	0.0	0.0	0.0	0.0	0.0	0.0	0.0	0.0	0.0	0.0	0.0	0.011	0.0	0.0	0.016	0.0	0.0	0.0	0.0
CPI-SS09FAC4977	CXCL11_CXCR3	simple:O14625	simple:P49682	CXCL11	CXCR3	True	False	True	user_curated	False	0.0	0.0	0.0	0.0	0.0	0.0	0.0	0.0	0.0	0.0	0.0	0.0	0.0	0.0	0.0	0.0	0.0	0.014	0.0	0.0	0.0	0.0	0.0	0.0	0.0	0.0	0.0	0.0	0.0	0.0	0.0	0.0	0.0	0.0	0.0	0.0	0.0	0.0	0.0	0.0	0.0	0.0	0.0	0.0	0.0	0.0	0.0	0.0	0.0	0.0	0.0	0.0	0.0	0.0	0.0	0.0	0.0	0.0	0.0	0.0	0.0	0.0	0.0	0.0
CPI-SS080683E15	CXCL10_CXCR3	simple:P02778	simple:P49682	CXCL10	CXCR3	True	False	True	user_curated	False	0.0	0.0	0.0	0.0	0.0	0.0	0.0	0.0	0.0	0.013	0.0	0.0	0.0	0.0	0.0	0.0	0.0	0.018	0.0	0.0	0.0	0.0	0.0	0.0	0.0	0.032	0.0	0.0	0.0	0.0	0.0	0.0	0.0	0.0	0.0	0.0	0.0	0.0	0.0	0.0	0.0	0.0	0.0	0.0	0.0	0.0	0.0	0.0	0.0	0.0	0.0	0.0	0.0	0.0	0.0	0.0	0.0	0.0	0.0	0.0	0.0	0.0	0.0	0.0
CPI-SS01A6823FA	PF4_CXCR3	simple:P02776	simple:P49682	PF4	CXCR3	True	False	True	user_curated	False	0.0	0.0	0.0	0.0	0.0	0.0	0.0	0.0	0.0	0.0	0.0	0.0	0.0	0.0	0.0	0.0	0.0	0.0	0.0	0.0	0.0	0.0	0.0	0.0	0.0	0.017	0.0	0.0	0.0	0.0	0.0	0.0	0.0	0.0	0.0	0.0	0.0	0.0	0.0	0.0	0.0	0.0	0.0	0.0	0.0	0.0	0.0	0.0	0.0	0.0	0.0	0.0	0.0	0.0	0.0	0.0	0.0	0.0	0.0	0.0	0.0	0.0	0.0	0.0
CPI-SS0E32BEF02	WNT5A_FZD5	simple:P41221	simple:Q13467	WNT5A	FZD5	True	False	True	user_curated	False	0.0	0.202	0.182	0.237	0.179	0.164	0.0	0.244	0.0	0.049	0.029	0.084	0.026	0.012	0.0	0.091	0.0	0.315	0.295	0.35	0.292	0.278	0.0	0.357	0.0	0.105	0.084	0.14	0.082	0.067	0.0	0.147	0.0	0.054	0.033	0.088	0.03	0.016	0.0	0.095	0.0	0.054	0.034	0.089	0.031	0.017	0.0	0.096	0.0	0.072	0.052	0.107	0.049	0.034	0.0	0.114	0.0	0.0	0.0	0.0	0.0	0.0	0.0	0.0
CPI-SS0B2D5BA95	WNT5A_FZD1	simple:P41221	simple:Q9UP38	WNT5A	FZD1	True	False	True	user_curated	False	0.164	0.159	0.16	0.193	0.0	0.0	0.165	0.0	0.011	0.007	0.008	0.04	0.0	0.0	0.012	0.0	0.277	0.273	0.274	0.306	0.0	0.0	0.278	0.0	0.067	0.062	0.063	0.096	0.0	0.0	0.067	0.0	0.016	0.011	0.012	0.044	0.0	0.0	0.016	0.0	0.016	0.012	0.013	0.045	0.0	0.0	0.017	0.0	0.034	0.029	0.03	0.063	0.0	0.0	0.034	0.0	0.0	0.0	0.0	0.0	0.0	0.0	0.0	0.0
CPI-SS0D81C6C1D	WNT7B_FZD1	simple:P56706	simple:Q9UP38	WNT7B	FZD1	True	False	True	user_curated	False	0.0	0.0	0.0	0.0	0.0	0.0	0.0	0.0	0.0	0.0	0.0	0.0	0.0	0.0	0.0	0.0	0.012	0.008	0.009	0.041	0.0	0.0	0.013	0.0	0.0	0.0	0.0	0.0	0.0	0.0	0.0	0.0	0.0	0.0	0.0	0.0	0.0	0.0	0.0	0.0	0.0	0.0	0.0	0.0	0.0	0.0	0.0	0.0	0.0	0.0	0.0	0.0	0.0	0.0	0.0	0.0	0.017	0.012	0.013	0.046	0.0	0.0	0.017	0.0
CPI-SS002673EFE	WNT5A_FZD3	simple:P41221	simple:Q9NPG1	WNT5A	FZD3	True	False	True	user_curated	False	0.384	0.327	0.566	0.296	0.27	0.181	0.268	0.472	0.232	0.174	0.414	0.143	0.117	0.028	0.115	0.319	0.498	0.44	0.679	0.409	0.383	0.294	0.381	0.585	0.287	0.23	0.469	0.199	0.172	0.084	0.171	0.375	0.236	0.179	0.418	0.147	0.121	0.033	0.12	0.323	0.237	0.179	0.419	0.148	0.122	0.033	0.12	0.324	0.254	0.197	0.436	0.166	0.139	0.051	0.138	0.342	0.0	0.0	0.0	0.0	0.0	0.0	0.0	0.0
CPI-SS0B8083B44	WNT7B_FZD4	simple:P56706	simple:Q9ULV1	WNT7B	FZD4	True	False	True	user_curated	False	0.0	0.0	0.0	0.0	0.0	0.0	0.0	0.0	0.0	0.0	0.0	0.0	0.0	0.0	0.0	0.0	0.026	0.008	0.06	0.034	0.012	0.013	0.022	0.0	0.0	0.0	0.0	0.0	0.0	0.0	0.0	0.0	0.0	0.0	0.0	0.0	0.0	0.0	0.0	0.0	0.0	0.0	0.0	0.0	0.0	0.0	0.0	0.0	0.0	0.0	0.0	0.0	0.0	0.0	0.0	0.0	0.03	0.012	0.064	0.038	0.016	0.017	0.026	0.0
CPI-SS01469637C	WNT2B_FZD4	simple:Q93097	simple:Q9ULV1	WNT2B	FZD4	True	False	True	user_curated	False	0.04	0.022	0.074	0.048	0.026	0.027	0.036	0.0	0.051	0.033	0.085	0.059	0.037	0.038	0.047	0.0	0.086	0.067	0.12	0.094	0.072	0.072	0.081	0.0	0.029	0.011	0.063	0.037	0.015	0.016	0.025	0.0	0.037	0.018	0.071	0.045	0.023	0.023	0.032	0.0	0.0	0.0	0.0	0.0	0.0	0.0	0.0	0.0	0.0	0.0	0.0	0.0	0.0	0.0	0.0	0.0	0.074	0.056	0.108	0.082	0.06	0.061	0.07	0.0
CPI-SS053613259	NRG2_ERBB3	simple:O14511	simple:P21860	NRG2	ERBB3	True	False	True	user_curated	False	0.47	0.289	0.69	0.466	0.213	0.128	0.226	0.606	0.445	0.263	0.664	0.441	0.188	0.103	0.2	0.58	0.46	0.278	0.679	0.456	0.203	0.118	0.215	0.595	0.0	0.0	0.0	0.0	0.0	0.0	0.0	0.0	0.431	0.25	0.651	0.427	0.174	0.089	0.187	0.567	0.425	0.244	0.645	0.421	0.168	0.083	0.18	0.561	0.452	0.27	0.671	0.448	0.195	0.11	0.207	0.587	0.452	0.271	0.672	0.448	0.195	0.111	0.208	0.588
CPI-SS0E063192D	NRG2_ERBB4	simple:O14511	simple:Q15303	NRG2	ERBB4	True	False	True	user_curated	False	0.067	0.072	0.181	0.084	0.0	0.07	0.088	0.0	0.042	0.046	0.156	0.058	0.0	0.045	0.062	0.0	0.057	0.061	0.171	0.073	0.0	0.06	0.077	0.0	0.0	0.0	0.0	0.0	0.0	0.0	0.0	0.0	0.028	0.033	0.142	0.045	0.0	0.031	0.049	0.0	0.022	0.027	0.136	0.039	0.0	0.025	0.043	0.0	0.048	0.053	0.163	0.065	0.0	0.051	0.069	0.0	0.049	0.054	0.164	0.066	0.0	0.052	0.07	0.0
CPI-SS0FC42EC80	EREG_ERBB4	simple:O14944	simple:Q15303	EREG	ERBB4	True	False	True	user_curated	False	0.0	0.0	0.0	0.0	0.0	0.0	0.0	0.0	0.0	0.0	0.0	0.0	0.0	0.0	0.0	0.0	0.0	0.0	0.0	0.0	0.0	0.0	0.0	0.0	0.0	0.0	0.0	0.0	0.0	0.0	0.0	0.0	0.0	0.0	0.0	0.0	0.0	0.0	0.0	0.0	0.0	0.0	0.0	0.0	0.0	0.0	0.0	0.0	0.0	0.0	0.0	0.0	0.0	0.0	0.0	0.0	0.032	0.036	0.146	0.048	0.0	0.035	0.052	0.0
CPI-SS0F0D7F25C	BTC_ERBB4	simple:P35070	simple:Q15303	BTC	ERBB4	True	False	True	user_curated	False	0.035	0.039	0.149	0.052	0.0	0.038	0.055	0.0	0.035	0.039	0.149	0.052	0.0	0.038	0.055	0.0	0.052	0.057	0.167	0.069	0.0	0.055	0.073	0.0	0.013	0.017	0.127	0.029	0.0	0.016	0.033	0.0	0.013	0.017	0.127	0.03	0.0	0.016	0.033	0.0	0.014	0.018	0.128	0.03	0.0	0.017	0.034	0.0	0.014	0.018	0.128	0.031	0.0	0.017	0.034	0.0	0.032	0.036	0.146	0.048	0.0	0.035	0.052	0.0
CPI-SS0BD5C2A23	NRG1_ERBB4	simple:Q02297	simple:Q15303	NRG1	ERBB4	True	True	True	user_curated	False	0.04	0.045	0.155	0.057	0.0	0.043	0.061	0.0	0.009	0.013	0.123	0.025	0.0	0.012	0.029	0.0	0.061	0.065	0.175	0.078	0.0	0.064	0.081	0.0	0.02	0.025	0.134	0.037	0.0	0.023	0.041	0.0	0.0	0.0	0.0	0.0	0.0	0.0	0.0	0.0	0.014	0.018	0.128	0.03	0.0	0.017	0.034	0.0	0.048	0.053	0.163	0.065	0.0	0.051	0.069	0.0	0.0	0.0	0.0	0.0	0.0	0.0	0.0	0.0
CPI-SS004C23DCE	EREG_EGFR	simple:O14944	simple:P00533	EREG	EGFR	True	False	True	user_curated	False	0.0	0.0	0.0	0.0	0.0	0.0	0.0	0.0	0.0	0.0	0.0	0.0	0.0	0.0	0.0	0.0	0.0	0.0	0.0	0.0	0.0	0.0	0.0	0.0	0.0	0.0	0.0	0.0	0.0	0.0	0.0	0.0	0.0	0.0	0.0	0.0	0.0	0.0	0.0	0.0	0.0	0.0	0.0	0.0	0.0	0.0	0.0	0.0	0.0	0.0	0.0	0.0	0.0	0.0	0.0	0.0	0.067	0.03	0.129	0.056	0.0	0.035	0.044	0.061
CPI-SC0E5218AA4	NRG1_a6b4 complex	simple:Q02297	complex:a6b4 complex	NRG1		True	True	False	user_curated	True	0.043	0.045	0.043	0.16	0.0	0.0	0.0	0.0	0.011	0.013	0.012	0.128	0.0	0.0	0.0	0.0	0.064	0.065	0.064	0.181	0.0	0.0	0.0	0.0	0.023	0.025	0.023	0.14	0.0	0.0	0.0	0.0	0.0	0.0	0.0	0.0	0.0	0.0	0.0	0.0	0.016	0.018	0.017	0.133	0.0	0.0	0.0	0.0	0.051	0.053	0.052	0.168	0.0	0.0	0.0	0.0	0.0	0.0	0.0	0.0	0.0	0.0	0.0	0.0
CPI-SC001669E22	GDF11_TGFR_AVR2A	simple:O95390	complex:TGFR_AVR2A	GDF11		True	False	True	user_curated	False	0.121	0.085	0.159	0.137	0.086	0.057	0.1	0.075	0.122	0.086	0.16	0.138	0.087	0.058	0.101	0.076	0.179	0.143	0.218	0.195	0.145	0.115	0.159	0.133	0.095	0.058	0.133	0.11	0.06	0.03	0.074	0.048	0.126	0.089	0.164	0.141	0.091	0.061	0.105	0.079	0.0	0.0	0.0	0.0	0.0	0.0	0.0	0.0	0.09	0.053	0.128	0.105	0.055	0.026	0.069	0.044	0.143	0.106	0.181	0.158	0.108	0.079	0.122	0.096
CPI-SC017215F7F	GDF11_TGFR_AVR2B	simple:O95390	complex:TGFR_AVR2B	GDF11		True	False	True	user_curated	False	0.11	0.088	0.13	0.078	0.086	0.057	0.066	0.075	0.111	0.089	0.131	0.079	0.087	0.058	0.067	0.076	0.169	0.146	0.188	0.136	0.145	0.115	0.124	0.133	0.084	0.062	0.103	0.051	0.06	0.03	0.039	0.048	0.115	0.093	0.134	0.082	0.091	0.061	0.07	0.079	0.0	0.0	0.0	0.0	0.0	0.0	0.0	0.0	0.079	0.057	0.098	0.047	0.055	0.026	0.034	0.044	0.132	0.11	0.151	0.1	0.108	0.079	0.087	0.096
CPI-SS0E2863F09	TNFRSF17_TNFSF13B	simple:Q02223	simple:Q9Y275	TNFRSF17	TNFSF13B	True	True	False	user_curated	False	0.008	0.013	0.007	0.01	0.01	0.0	0.0	0.0	0.0	0.0	0.0	0.0	0.0	0.0	0.0	0.0	0.0	0.0	0.0	0.0	0.0	0.0	0.0	0.0	0.0	0.0	0.0	0.0	0.0	0.0	0.0	0.0	0.0	0.0	0.0	0.0	0.0	0.0	0.0	0.0	0.0	0.0	0.0	0.0	0.0	0.0	0.0	0.0	0.0	0.0	0.0	0.0	0.0	0.0	0.0	0.0	0.014	0.019	0.013	0.016	0.016	0.0	0.0	0.0
CPI-SS090FC28E1	EPHB6_EFNB2	simple:O15197	simple:P52799	EPHB6	EFNB2	True	True	True	user_curated	False	0.035	0.048	0.047	0.133	0.076	0.025	0.017	0.034	0.086	0.099	0.098	0.184	0.127	0.076	0.068	0.086	0.04	0.052	0.051	0.138	0.081	0.029	0.021	0.039	0.049	0.062	0.061	0.147	0.09	0.039	0.031	0.048	0.0	0.0	0.0	0.0	0.0	0.0	0.0	0.0	0.044	0.056	0.055	0.142	0.085	0.033	0.025	0.043	0.07	0.083	0.082	0.168	0.111	0.06	0.052	0.069	0.299	0.311	0.31	0.397	0.34	0.289	0.281	0.298
CPI-SS0B9E8C0DE	EPHB2_EFNB2	simple:P29323	simple:P52799	EPHB2	EFNB2	False	True	True	user_curated	False	0.048	0.061	0.06	0.147	0.09	0.038	0.03	0.048	0.037	0.049	0.048	0.135	0.078	0.027	0.018	0.036	0.061	0.074	0.073	0.159	0.102	0.051	0.043	0.061	0.0	0.0	0.0	0.0	0.0	0.0	0.0	0.0	0.034	0.047	0.046	0.133	0.076	0.024	0.016	0.034	0.035	0.048	0.047	0.133	0.077	0.025	0.017	0.035	0.07	0.083	0.082	0.168	0.111	0.06	0.052	0.069	0.062	0.075	0.074	0.16	0.103	0.052	0.044	0.061
CPI-SS0DC4D593E	EPHB6_EFNB1	simple:O15197	simple:P98172	EPHB6	EFNB1	True	True	False	user_curated	False	0.022	0.015	0.012	0.037	0.016	0.0	0.017	0.0	0.073	0.066	0.063	0.089	0.067	0.0	0.068	0.0	0.026	0.019	0.017	0.042	0.02	0.0	0.021	0.0	0.035	0.029	0.026	0.051	0.03	0.0	0.031	0.0	0.0	0.0	0.0	0.0	0.0	0.0	0.0	0.0	0.03	0.023	0.021	0.046	0.024	0.0	0.025	0.0	0.057	0.05	0.047	0.073	0.051	0.0	0.052	0.0	0.285	0.279	0.276	0.301	0.28	0.0	0.281	0.0
CPI-SS0111AAD26	EPHB2_EFNB1	simple:P29323	simple:P98172	EPHB2	EFNB1	False	True	False	user_curated	False	0.035	0.028	0.026	0.051	0.029	0.0	0.03	0.0	0.023	0.016	0.014	0.039	0.017	0.0	0.018	0.0	0.048	0.041	0.038	0.064	0.042	0.0	0.043	0.0	0.0	0.0	0.0	0.0	0.0	0.0	0.0	0.0	0.021	0.014	0.012	0.037	0.015	0.0	0.016	0.0	0.022	0.015	0.013	0.038	0.016	0.0	0.017	0.0	0.057	0.05	0.047	0.073	0.051	0.0	0.052	0.0	0.049	0.042	0.039	0.064	0.043	0.0	0.044	0.0
CPI-SS0FF55B42C	EPHB3_EFNB1	simple:P54753	simple:P98172	EPHB3	EFNB1	False	True	False	user_curated	False	0.25	0.243	0.241	0.266	0.244	0.0	0.245	0.0	0.168	0.161	0.159	0.184	0.162	0.0	0.163	0.0	0.402	0.395	0.393	0.418	0.396	0.0	0.398	0.0	0.205	0.198	0.195	0.221	0.199	0.0	0.2	0.0	0.286	0.279	0.277	0.302	0.28	0.0	0.281	0.0	0.13	0.123	0.121	0.146	0.124	0.0	0.125	0.0	0.057	0.05	0.047	0.073	0.051	0.0	0.052	0.0	0.084	0.077	0.074	0.1	0.078	0.0	0.079	0.0
CPI-SS0F21D6CA0	EPHB4_EFNB1	simple:P54760	simple:P98172	EPHB4	EFNB1	False	True	False	user_curated	False	0.019	0.012	0.01	0.035	0.013	0.0	0.014	0.0	0.02	0.013	0.011	0.036	0.014	0.0	0.015	0.0	0.0	0.0	0.0	0.0	0.0	0.0	0.0	0.0	0.05	0.043	0.041	0.066	0.044	0.0	0.045	0.0	0.0	0.0	0.0	0.0	0.0	0.0	0.0	0.0	0.0	0.0	0.0	0.0	0.0	0.0	0.0	0.0	0.0	0.0	0.0	0.0	0.0	0.0	0.0	0.0	0.0	0.0	0.0	0.0	0.0	0.0	0.0	0.0
CPI-SS0470AF83E	EPHB1_EFNB1	simple:P54762	simple:P98172	EPHB1	EFNB1	False	True	False	user_curated	False	0.019	0.012	0.01	0.035	0.013	0.0	0.014	0.0	0.017	0.01	0.008	0.033	0.011	0.0	0.012	0.0	0.026	0.019	0.017	0.042	0.02	0.0	0.021	0.0	0.0	0.0	0.0	0.0	0.0	0.0	0.0	0.0	0.0	0.0	0.0	0.0	0.0	0.0	0.0	0.0	0.0	0.0	0.0	0.0	0.0	0.0	0.0	0.0	0.0	0.0	0.0	0.0	0.0	0.0	0.0	0.0	0.0	0.0	0.0	0.0	0.0	0.0	0.0	0.0
CPI-SS00046DCF3	EPHA4_EFNB1	simple:P54764	simple:P98172	EPHA4	EFNB1	False	True	False	user_curated	False	0.022	0.015	0.012	0.037	0.016	0.0	0.017	0.0	0.165	0.158	0.156	0.181	0.159	0.0	0.16	0.0	0.0	0.0	0.0	0.0	0.0	0.0	0.0	0.0	0.058	0.051	0.048	0.074	0.052	0.0	0.053	0.0	0.021	0.014	0.012	0.037	0.015	0.0	0.016	0.0	0.022	0.015	0.013	0.038	0.016	0.0	0.017	0.0	0.0	0.0	0.0	0.0	0.0	0.0	0.0	0.0	0.171	0.164	0.162	0.187	0.165	0.0	0.167	0.0
CPI-SS08718E4FB	EPHB6_EFNB3	simple:O15197	simple:Q15768	EPHB6	EFNB3	True	True	True	user_curated	False	0.048	0.051	0.158	0.037	0.023	0.0	0.043	0.078	0.1	0.102	0.209	0.089	0.074	0.0	0.094	0.129	0.053	0.056	0.162	0.042	0.028	0.0	0.047	0.083	0.062	0.065	0.172	0.051	0.037	0.0	0.057	0.092	0.0	0.0	0.0	0.0	0.0	0.0	0.0	0.0	0.057	0.059	0.166	0.046	0.032	0.0	0.051	0.087	0.083	0.086	0.193	0.073	0.058	0.0	0.078	0.113	0.312	0.315	0.422	0.301	0.287	0.0	0.306	0.342
CPI-SS0DA366C78	EPHB2_EFNB3	simple:P29323	simple:Q15768	EPHB2	EFNB3	False	True	True	user_curated	False	0.062	0.064	0.171	0.051	0.037	0.0	0.056	0.092	0.05	0.053	0.159	0.039	0.025	0.0	0.044	0.08	0.075	0.077	0.184	0.064	0.049	0.0	0.069	0.104	0.0	0.0	0.0	0.0	0.0	0.0	0.0	0.0	0.048	0.05	0.157	0.037	0.023	0.0	0.042	0.078	0.049	0.051	0.158	0.038	0.023	0.0	0.043	0.079	0.083	0.086	0.193	0.073	0.058	0.0	0.078	0.113	0.075	0.078	0.185	0.064	0.05	0.0	0.07	0.105
CPI-SS0A5B945E3	EPHB3_EFNB3	simple:P54753	simple:Q15768	EPHB3	EFNB3	False	True	True	user_curated	False	0.277	0.279	0.386	0.266	0.252	0.0	0.271	0.307	0.195	0.197	0.304	0.184	0.17	0.0	0.189	0.225	0.429	0.432	0.538	0.418	0.404	0.0	0.423	0.459	0.231	0.234	0.341	0.221	0.206	0.0	0.226	0.261	0.313	0.315	0.422	0.302	0.288	0.0	0.307	0.343	0.157	0.159	0.266	0.146	0.132	0.0	0.151	0.187	0.083	0.086	0.193	0.073	0.058	0.0	0.078	0.113	0.11	0.113	0.22	0.1	0.085	0.0	0.105	0.14
CPI-SS0865716E5	EPHB4_EFNB3	simple:P54760	simple:Q15768	EPHB4	EFNB3	False	True	True	user_curated	False	0.046	0.048	0.155	0.035	0.021	0.0	0.04	0.076	0.047	0.049	0.156	0.036	0.022	0.0	0.041	0.077	0.0	0.0	0.0	0.0	0.0	0.0	0.0	0.0	0.077	0.08	0.186	0.066	0.052	0.0	0.071	0.107	0.0	0.0	0.0	0.0	0.0	0.0	0.0	0.0	0.0	0.0	0.0	0.0	0.0	0.0	0.0	0.0	0.0	0.0	0.0	0.0	0.0	0.0	0.0	0.0	0.0	0.0	0.0	0.0	0.0	0.0	0.0	0.0
CPI-SS0D41C7AF5	EPHB1_EFNB3	simple:P54762	simple:Q15768	EPHB1	EFNB3	False	True	True	user_curated	False	0.046	0.048	0.155	0.035	0.021	0.0	0.04	0.076	0.044	0.046	0.153	0.033	0.018	0.0	0.038	0.073	0.053	0.056	0.162	0.042	0.028	0.0	0.047	0.083	0.0	0.0	0.0	0.0	0.0	0.0	0.0	0.0	0.0	0.0	0.0	0.0	0.0	0.0	0.0	0.0	0.0	0.0	0.0	0.0	0.0	0.0	0.0	0.0	0.0	0.0	0.0	0.0	0.0	0.0	0.0	0.0	0.0	0.0	0.0	0.0	0.0	0.0	0.0	0.0
CPI-SS07CA5A6F1	EPHA4_EFNB3	simple:P54764	simple:Q15768	EPHA4	EFNB3	False	True	True	user_curated	False	0.048	0.051	0.158	0.037	0.023	0.0	0.043	0.078	0.192	0.194	0.301	0.181	0.166	0.0	0.186	0.221	0.0	0.0	0.0	0.0	0.0	0.0	0.0	0.0	0.084	0.087	0.194	0.074	0.059	0.0	0.079	0.114	0.048	0.05	0.157	0.037	0.023	0.0	0.042	0.078	0.049	0.051	0.158	0.038	0.023	0.0	0.043	0.079	0.0	0.0	0.0	0.0	0.0	0.0	0.0	0.0	0.198	0.201	0.307	0.187	0.173	0.0	0.192	0.228
CPI-SS0586F2596	EPHB2_EFNA5	simple:P29323	simple:P52803	EPHB2	EFNA5	False	True	False	user_curated	False	0.118	0.038	0.163	0.11	0.052	0.03	0.073	0.057	0.107	0.026	0.151	0.098	0.04	0.018	0.062	0.045	0.131	0.051	0.175	0.122	0.064	0.043	0.086	0.069	0.0	0.0	0.0	0.0	0.0	0.0	0.0	0.0	0.104	0.024	0.149	0.096	0.038	0.016	0.059	0.043	0.105	0.025	0.149	0.097	0.039	0.017	0.06	0.043	0.14	0.06	0.184	0.131	0.073	0.051	0.095	0.078	0.132	0.052	0.176	0.123	0.065	0.043	0.087	0.07
CPI-SS03A2EFDD5	EPHA1_EFNA5	simple:P21709	simple:P52803	EPHA1	EFNA5	False	True	False	user_curated	False	0.11	0.03	0.154	0.102	0.044	0.022	0.065	0.049	0.11	0.03	0.154	0.101	0.043	0.021	0.065	0.048	0.114	0.034	0.158	0.105	0.047	0.025	0.069	0.052	0.111	0.031	0.156	0.103	0.045	0.023	0.066	0.05	0.0	0.0	0.0	0.0	0.0	0.0	0.0	0.0	0.0	0.0	0.0	0.0	0.0	0.0	0.0	0.0	0.105	0.025	0.15	0.097	0.039	0.017	0.06	0.044	0.106	0.025	0.15	0.097	0.039	0.017	0.06	0.044
CPI-SS02AFCED82	EPHA2_EFNA5	simple:P29317	simple:P52803	EPHA2	EFNA5	False	True	False	user_curated	False	0.099	0.019	0.144	0.091	0.033	0.011	0.054	0.038	0.103	0.023	0.148	0.095	0.037	0.015	0.058	0.042	0.11	0.029	0.154	0.101	0.043	0.021	0.065	0.048	0.222	0.141	0.266	0.213	0.155	0.133	0.177	0.16	0.112	0.032	0.156	0.103	0.045	0.023	0.067	0.05	0.0	0.0	0.0	0.0	0.0	0.0	0.0	0.0	0.0	0.0	0.0	0.0	0.0	0.0	0.0	0.0	0.0	0.0	0.0	0.0	0.0	0.0	0.0	0.0
CPI-SS01A8F745A	EPHA1_EFNA3	simple:P21709	simple:P52797	EPHA1	EFNA3	False	True	False	user_curated	False	0.024	0.033	0.022	0.035	0.029	0.0	0.031	0.0	0.024	0.033	0.022	0.035	0.028	0.0	0.03	0.0	0.028	0.037	0.026	0.039	0.032	0.0	0.034	0.0	0.025	0.034	0.023	0.037	0.03	0.0	0.032	0.0	0.0	0.0	0.0	0.0	0.0	0.0	0.0	0.0	0.0	0.0	0.0	0.0	0.0	0.0	0.0	0.0	0.019	0.028	0.017	0.031	0.024	0.0	0.026	0.0	0.02	0.029	0.017	0.031	0.024	0.0	0.026	0.0
CPI-SS07BECB892	EPHA2_EFNA3	simple:P29317	simple:P52797	EPHA2	EFNA3	False	True	False	user_curated	False	0.013	0.022	0.011	0.025	0.018	0.0	0.02	0.0	0.017	0.026	0.015	0.029	0.022	0.0	0.024	0.0	0.024	0.033	0.021	0.035	0.028	0.0	0.03	0.0	0.136	0.145	0.134	0.147	0.14	0.0	0.142	0.0	0.026	0.035	0.024	0.037	0.03	0.0	0.032	0.0	0.0	0.0	0.0	0.0	0.0	0.0	0.0	0.0	0.0	0.0	0.0	0.0	0.0	0.0	0.0	0.0	0.0	0.0	0.0	0.0	0.0	0.0	0.0	0.0
CPI-SS05E6D620E	EPHA1_EFNA4	simple:P21709	simple:P52798	EPHA1	EFNA4	True	True	False	user_curated	False	0.027	0.0	0.018	0.028	0.0	0.0	0.0	0.0	0.027	0.0	0.017	0.028	0.0	0.0	0.0	0.0	0.031	0.0	0.021	0.032	0.0	0.0	0.0	0.0	0.028	0.0	0.019	0.029	0.0	0.0	0.0	0.0	0.0	0.0	0.0	0.0	0.0	0.0	0.0	0.0	0.0	0.0	0.0	0.0	0.0	0.0	0.0	0.0	0.022	0.0	0.013	0.023	0.0	0.0	0.0	0.0	0.022	0.0	0.013	0.023	0.0	0.0	0.0	0.0
CPI-SS09F973C1A	EPHA2_EFNA4	simple:P29317	simple:P52798	EPHA2	EFNA4	True	True	False	user_curated	False	0.016	0.0	0.007	0.017	0.0	0.0	0.0	0.0	0.02	0.0	0.011	0.021	0.0	0.0	0.0	0.0	0.026	0.0	0.017	0.028	0.0	0.0	0.0	0.0	0.138	0.0	0.129	0.14	0.0	0.0	0.0	0.0	0.029	0.0	0.019	0.03	0.0	0.0	0.0	0.0	0.0	0.0	0.0	0.0	0.0	0.0	0.0	0.0	0.0	0.0	0.0	0.0	0.0	0.0	0.0	0.0	0.0	0.0	0.0	0.0	0.0	0.0	0.0	0.0
CPI-SS02EF3E1BA	TNFSF12_TNFRSF12A	simple:O43508	simple:Q9NP84	TNFSF12	TNFRSF12A	True	False	True	user_curated	False	0.228	0.236	0.304	0.174	0.161	0.149	0.168	0.23	0.206	0.214	0.282	0.152	0.139	0.127	0.146	0.208	0.206	0.214	0.282	0.152	0.139	0.127	0.146	0.208	0.15	0.158	0.226	0.096	0.082	0.071	0.09	0.152	0.197	0.204	0.272	0.142	0.129	0.117	0.136	0.199	0.171	0.178	0.247	0.116	0.103	0.092	0.11	0.173	0.147	0.154	0.222	0.092	0.079	0.068	0.086	0.149	0.217	0.225	0.293	0.163	0.15	0.138	0.157	0.219
CPI-SS0859C173B	TNFSF14_LTBR	simple:O43557	simple:P36941	TNFSF14	LTBR	True	False	True	user_curated	False	0.14	0.183	0.249	0.167	0.157	0.064	0.152	0.181	0.138	0.181	0.247	0.165	0.155	0.062	0.15	0.179	0.0	0.0	0.0	0.0	0.0	0.0	0.0	0.0	0.0	0.0	0.0	0.0	0.0	0.0	0.0	0.0	0.0	0.0	0.0	0.0	0.0	0.0	0.0	0.0	0.0	0.0	0.0	0.0	0.0	0.0	0.0	0.0	0.0	0.0	0.0	0.0	0.0	0.0	0.0	0.0	0.0	0.0	0.0	0.0	0.0	0.0	0.0	0.0
CPI-SS019C98396	TNFSF14_TNFRSF14	simple:O43557	simple:Q92956	TNFSF14	TNFRSF14	True	False	True	user_curated	False	0.304	0.269	0.433	0.314	0.157	0.122	0.1	0.347	0.302	0.266	0.431	0.312	0.155	0.12	0.098	0.345	0.0	0.0	0.0	0.0	0.0	0.0	0.0	0.0	0.0	0.0	0.0	0.0	0.0	0.0	0.0	0.0	0.0	0.0	0.0	0.0	0.0	0.0	0.0	0.0	0.0	0.0	0.0	0.0	0.0	0.0	0.0	0.0	0.0	0.0	0.0	0.0	0.0	0.0	0.0	0.0	0.0	0.0	0.0	0.0	0.0	0.0	0.0	0.0
CPI-SS04B4619D0	TNF_TNFRSF1A	simple:P01375	simple:P19438	TNF	TNFRSF1A	True	False	True	user_curated	False	0.0	0.0	0.0	0.0	0.0	0.0	0.0	0.0	0.129	0.155	0.205	0.234	0.081	0.055	0.048	0.154	0.0	0.0	0.0	0.0	0.0	0.0	0.0	0.0	0.0	0.0	0.0	0.0	0.0	0.0	0.0	0.0	0.0	0.0	0.0	0.0	0.0	0.0	0.0	0.0	0.0	0.0	0.0	0.0	0.0	0.0	0.0	0.0	0.0	0.0	0.0	0.0	0.0	0.0	0.0	0.0	0.0	0.0	0.0	0.0	0.0	0.0	0.0	0.0
CPI-SS0E7D5974D	TNF_TNFRSF1B	simple:P01375	simple:P20333	TNF	TNFRSF1B	True	False	True	user_curated	False	0.0	0.0	0.0	0.0	0.0	0.0	0.0	0.0	0.019	0.036	0.026	0.0	0.0	0.0	0.0	0.031	0.0	0.0	0.0	0.0	0.0	0.0	0.0	0.0	0.0	0.0	0.0	0.0	0.0	0.0	0.0	0.0	0.0	0.0	0.0	0.0	0.0	0.0	0.0	0.0	0.0	0.0	0.0	0.0	0.0	0.0	0.0	0.0	0.0	0.0	0.0	0.0	0.0	0.0	0.0	0.0	0.0	0.0	0.0	0.0	0.0	0.0	0.0	0.0
CPI-SS0FF49C823	EFNA1_EPHA1	simple:P20827	simple:P21709	EFNA1	EPHA1	True	False	True	user_curated	False	0.081	0.08	0.084	0.082	0.0	0.0	0.076	0.076	0.388	0.388	0.392	0.39	0.0	0.0	0.384	0.384	0.24	0.24	0.244	0.241	0.0	0.0	0.235	0.235	0.653	0.653	0.657	0.654	0.0	0.0	0.648	0.648	0.135	0.134	0.138	0.136	0.0	0.0	0.13	0.13	0.03	0.03	0.034	0.031	0.0	0.0	0.025	0.025	0.057	0.056	0.06	0.058	0.0	0.0	0.052	0.052	0.54	0.539	0.543	0.541	0.0	0.0	0.535	0.535
CPI-SS046F6F0C1	EFNA1_EPHA2	simple:P20827	simple:P29317	EFNA1	EPHA2	True	False	True	user_curated	False	0.07	0.074	0.08	0.192	0.082	0.0	0.0	0.0	0.378	0.382	0.388	0.5	0.39	0.0	0.0	0.0	0.229	0.233	0.239	0.351	0.242	0.0	0.0	0.0	0.642	0.646	0.653	0.765	0.655	0.0	0.0	0.0	0.124	0.128	0.134	0.246	0.136	0.0	0.0	0.0	0.019	0.023	0.029	0.142	0.032	0.0	0.0	0.0	0.046	0.05	0.056	0.168	0.058	0.0	0.0	0.0	0.529	0.533	0.539	0.651	0.541	0.0	0.0	0.0
CPI-SS0762B455F	EFNA1_EPHA5	simple:P20827	simple:P54756	EFNA1	EPHA5	True	False	True	user_curated	False	0.0	0.107	0.0	0.075	0.0	0.076	0.0	0.102	0.0	0.414	0.0	0.382	0.0	0.383	0.0	0.41	0.0	0.266	0.0	0.234	0.0	0.235	0.0	0.262	0.0	0.679	0.0	0.647	0.0	0.648	0.0	0.675	0.0	0.161	0.0	0.129	0.0	0.13	0.0	0.156	0.0	0.056	0.0	0.024	0.0	0.025	0.0	0.052	0.0	0.083	0.0	0.05	0.0	0.051	0.0	0.078	0.0	0.566	0.0	0.534	0.0	0.535	0.0	0.561
CPI-SS09E3F5044	EFNA5_EPHA5	simple:P52803	simple:P54756	EFNA5	EPHA5	False	False	True	user_curated	False	0.0	0.136	0.0	0.104	0.0	0.105	0.0	0.132	0.0	0.056	0.0	0.024	0.0	0.025	0.0	0.052	0.0	0.18	0.0	0.148	0.0	0.149	0.0	0.176	0.0	0.128	0.0	0.096	0.0	0.097	0.0	0.123	0.0	0.07	0.0	0.038	0.0	0.039	0.0	0.065	0.0	0.048	0.0	0.016	0.0	0.017	0.0	0.043	0.0	0.091	0.0	0.059	0.0	0.06	0.0	0.087	0.0	0.075	0.0	0.042	0.0	0.043	0.0	0.07
CPI-SS0EBFE1854	EFNA1_EPHA4	simple:P20827	simple:P54764	EFNA1	EPHA4	True	False	True	user_curated	False	0.075	0.219	0.0	0.111	0.075	0.076	0.0	0.225	0.383	0.526	0.0	0.419	0.383	0.383	0.0	0.533	0.235	0.378	0.0	0.271	0.234	0.235	0.0	0.384	0.648	0.791	0.0	0.684	0.647	0.648	0.0	0.798	0.129	0.273	0.0	0.165	0.129	0.13	0.0	0.279	0.025	0.168	0.0	0.061	0.024	0.025	0.0	0.175	0.051	0.194	0.0	0.087	0.051	0.051	0.0	0.201	0.534	0.678	0.0	0.57	0.534	0.535	0.0	0.684
CPI-SS0FC01B947	EFNA5_EPHA4	simple:P52803	simple:P54764	EFNA5	EPHA4	False	False	True	user_curated	False	0.105	0.248	0.0	0.141	0.104	0.105	0.0	0.255	0.025	0.168	0.0	0.061	0.024	0.025	0.0	0.174	0.149	0.292	0.0	0.185	0.149	0.149	0.0	0.299	0.096	0.24	0.0	0.132	0.096	0.097	0.0	0.246	0.038	0.182	0.0	0.074	0.038	0.039	0.0	0.188	0.016	0.16	0.0	0.052	0.016	0.017	0.0	0.166	0.06	0.203	0.0	0.096	0.059	0.06	0.0	0.21	0.043	0.186	0.0	0.079	0.043	0.043	0.0	0.193
CPI-SS05B4EB419	EFNA3_EPHA4	simple:P52797	simple:P54764	EFNA3	EPHA4	False	False	True	user_curated	False	0.019	0.162	0.0	0.055	0.018	0.019	0.0	0.169	0.028	0.171	0.0	0.064	0.027	0.028	0.0	0.178	0.017	0.16	0.0	0.053	0.016	0.017	0.0	0.166	0.03	0.173	0.0	0.066	0.03	0.03	0.0	0.18	0.023	0.166	0.0	0.059	0.023	0.023	0.0	0.173	0.0	0.0	0.0	0.0	0.0	0.0	0.0	0.0	0.025	0.169	0.0	0.061	0.025	0.026	0.0	0.175	0.0	0.0	0.0	0.0	0.0	0.0	0.0	0.0
CPI-SS0659DBE72	EFNA4_EPHA4	simple:P52798	simple:P54764	EFNA4	EPHA4	True	False	True	user_curated	False	0.022	0.165	0.0	0.058	0.021	0.022	0.0	0.171	0.0	0.0	0.0	0.0	0.0	0.0	0.0	0.0	0.012	0.156	0.0	0.048	0.012	0.013	0.0	0.162	0.023	0.166	0.0	0.059	0.022	0.023	0.0	0.173	0.0	0.0	0.0	0.0	0.0	0.0	0.0	0.0	0.0	0.0	0.0	0.0	0.0	0.0	0.0	0.0	0.0	0.0	0.0	0.0	0.0	0.0	0.0	0.0	0.0	0.0	0.0	0.0	0.0	0.0	0.0	0.0
CPI-SS087E0E3FB	EFNB2_EPHA4	simple:P52799	simple:P54764	EFNB2	EPHA4	False	True	True	user_curated	False	0.035	0.178	0.0	0.071	0.034	0.035	0.0	0.185	0.048	0.191	0.0	0.084	0.047	0.048	0.0	0.197	0.047	0.19	0.0	0.083	0.046	0.047	0.0	0.196	0.133	0.276	0.0	0.169	0.133	0.133	0.0	0.283	0.076	0.219	0.0	0.112	0.076	0.077	0.0	0.226	0.025	0.168	0.0	0.061	0.024	0.025	0.0	0.175	0.017	0.16	0.0	0.053	0.016	0.017	0.0	0.167	0.034	0.178	0.0	0.07	0.034	0.035	0.0	0.184
CPI-SS082ABF1EA	EFNB2_EPHB3	simple:P52799	simple:P54753	EFNB2	EPHB3	False	True	True	user_curated	False	0.263	0.181	0.416	0.218	0.3	0.144	0.07	0.097	0.276	0.194	0.428	0.231	0.312	0.156	0.083	0.11	0.275	0.193	0.427	0.23	0.311	0.155	0.082	0.109	0.362	0.28	0.514	0.316	0.398	0.242	0.168	0.195	0.305	0.223	0.457	0.259	0.341	0.185	0.111	0.138	0.253	0.171	0.406	0.208	0.289	0.133	0.06	0.087	0.245	0.163	0.398	0.2	0.281	0.125	0.052	0.079	0.263	0.181	0.415	0.217	0.299	0.143	0.069	0.096
CPI-SS08D0F9109	EFNB2_EPHB4	simple:P52799	simple:P54760	EFNB2	EPHB4	False	True	True	user_curated	False	0.032	0.033	0.0	0.064	0.0	0.0	0.0	0.0	0.045	0.046	0.0	0.076	0.0	0.0	0.0	0.0	0.044	0.045	0.0	0.075	0.0	0.0	0.0	0.0	0.13	0.132	0.0	0.162	0.0	0.0	0.0	0.0	0.074	0.075	0.0	0.105	0.0	0.0	0.0	0.0	0.022	0.023	0.0	0.053	0.0	0.0	0.0	0.0	0.014	0.015	0.0	0.045	0.0	0.0	0.0	0.0	0.032	0.033	0.0	0.063	0.0	0.0	0.0	0.0
CPI-SS0BFD8E056	EFNB2_EPHB1	simple:P52799	simple:P54762	EFNB2	EPHB1	False	True	True	user_curated	False	0.032	0.03	0.04	0.0	0.0	0.0	0.0	0.0	0.045	0.043	0.052	0.0	0.0	0.0	0.0	0.0	0.044	0.042	0.051	0.0	0.0	0.0	0.0	0.0	0.13	0.128	0.138	0.0	0.0	0.0	0.0	0.0	0.074	0.071	0.081	0.0	0.0	0.0	0.0	0.0	0.022	0.02	0.029	0.0	0.0	0.0	0.0	0.0	0.014	0.012	0.021	0.0	0.0	0.0	0.0	0.0	0.032	0.03	0.039	0.0	0.0	0.0	0.0	0.0
CPI-SS082AD7B6A	FZD6_WNT5A	simple:O60353	simple:P41221	FZD6	WNT5A	True	True	False	user_curated	False	0.223	0.07	0.336	0.126	0.075	0.076	0.093	0.0	0.205	0.053	0.319	0.108	0.057	0.058	0.075	0.0	0.25	0.097	0.363	0.153	0.102	0.102	0.12	0.0	0.2	0.047	0.313	0.103	0.052	0.052	0.07	0.0	0.232	0.079	0.345	0.135	0.083	0.084	0.102	0.0	0.0	0.0	0.0	0.0	0.0	0.0	0.0	0.0	0.173	0.021	0.286	0.076	0.025	0.026	0.043	0.0	0.217	0.065	0.331	0.12	0.069	0.07	0.087	0.0
CPI-SS0FA326344	FZD6_WNT4	simple:O60353	simple:P56705	FZD6	WNT4	True	True	False	user_curated	False	0.384	0.672	0.456	0.258	0.181	0.242	0.128	0.909	0.367	0.655	0.438	0.241	0.163	0.224	0.11	0.891	0.411	0.699	0.483	0.285	0.208	0.269	0.154	0.936	0.361	0.649	0.433	0.235	0.158	0.219	0.104	0.886	0.393	0.681	0.465	0.267	0.189	0.251	0.136	0.918	0.0	0.0	0.0	0.0	0.0	0.0	0.0	0.0	0.334	0.623	0.406	0.208	0.131	0.192	0.078	0.859	0.379	0.667	0.45	0.253	0.175	0.236	0.122	0.904
CPI-SC0FDB4B6D9	GDF9_TGFR_BMPR2	simple:O60383	complex:TGFR_BMPR2	GDF9		True	False	True	user_curated	False	0.078	0.045	0.168	0.094	0.081	0.014	0.057	0.032	0.0	0.0	0.0	0.0	0.0	0.0	0.0	0.0	0.0	0.0	0.0	0.0	0.0	0.0	0.0	0.0	0.0	0.0	0.0	0.0	0.0	0.0	0.0	0.0	0.0	0.0	0.0	0.0	0.0	0.0	0.0	0.0	0.0	0.0	0.0	0.0	0.0	0.0	0.0	0.0	0.081	0.048	0.171	0.097	0.084	0.017	0.06	0.035	0.0	0.0	0.0	0.0	0.0	0.0	0.0	0.0
CPI-SS02B567BC7	PLXNC1_SEMA7A	simple:O60486	simple:O75326	PLXNC1	SEMA7A	False	True	False	user_curated	False	0.121	0.0	0.0	0.126	0.0	0.0	0.0	0.127	0.108	0.0	0.0	0.113	0.0	0.0	0.0	0.114	0.135	0.0	0.0	0.14	0.0	0.0	0.0	0.141	0.039	0.0	0.0	0.044	0.0	0.0	0.0	0.046	0.071	0.0	0.0	0.076	0.0	0.0	0.0	0.077	0.011	0.0	0.0	0.016	0.0	0.0	0.0	0.017	0.054	0.0	0.0	0.059	0.0	0.0	0.0	0.06	0.125	0.0	0.0	0.13	0.0	0.0	0.0	0.132
CPI-SS070C51D94	FZD7_WNT3	simple:O75084	simple:P56703	FZD7	WNT3	True	True	False	user_curated	False	0.008	0.006	0.011	0.0	0.0	0.0	0.0	0.011	0.0	0.0	0.0	0.0	0.0	0.0	0.0	0.0	0.014	0.012	0.017	0.0	0.0	0.0	0.0	0.017	0.02	0.018	0.023	0.0	0.0	0.0	0.0	0.023	0.036	0.034	0.039	0.0	0.0	0.0	0.0	0.039	0.0	0.0	0.0	0.0	0.0	0.0	0.0	0.0	0.0	0.0	0.0	0.0	0.0	0.0	0.0	0.0	0.0	0.0	0.0	0.0	0.0	0.0	0.0	0.0
CPI-SS0B89DD8C1	TNFSF13_TNFRSF17	simple:O75888	simple:Q02223	TNFSF13	TNFRSF17	True	False	True	user_curated	False	0.005	0.0	0.0	0.0	0.0	0.0	0.0	0.011	0.0	0.0	0.0	0.0	0.0	0.0	0.0	0.0	0.0	0.0	0.0	0.0	0.0	0.0	0.0	0.0	0.0	0.0	0.0	0.0	0.0	0.0	0.0	0.0	0.0	0.0	0.0	0.0	0.0	0.0	0.0	0.0	0.0	0.0	0.0	0.0	0.0	0.0	0.0	0.0	0.0	0.0	0.0	0.0	0.0	0.0	0.0	0.0	0.0	0.0	0.0	0.0	0.0	0.0	0.0	0.0
CPI-SS0C9696AAA	CRTAM_CADM1	simple:O95727	simple:Q9BY67	CRTAM	CADM1	False	False	False	user_curated	False	0.0	0.0	0.0	0.0	0.0	0.0	0.0	0.0	0.165	0.036	0.354	0.062	0.306	0.012	0.107	0.082	0.0	0.0	0.0	0.0	0.0	0.0	0.0	0.0	0.0	0.0	0.0	0.0	0.0	0.0	0.0	0.0	0.169	0.04	0.358	0.066	0.311	0.016	0.111	0.087	0.0	0.0	0.0	0.0	0.0	0.0	0.0	0.0	0.0	0.0	0.0	0.0	0.0	0.0	0.0	0.0	0.17	0.042	0.359	0.068	0.312	0.017	0.112	0.088
CPI-SS0889E281D	CADM1_CADM1	simple:Q9BY67	simple:Q9BY67	CADM1	CADM1	False	False	False	user_curated	False	0.323	0.194	0.512	0.22	0.464	0.17	0.265	0.24	0.194	0.066	0.383	0.092	0.336	0.041	0.136	0.112	0.512	0.383	0.701	0.409	0.653	0.359	0.454	0.429	0.22	0.092	0.409	0.118	0.362	0.067	0.162	0.138	0.464	0.336	0.653	0.362	0.606	0.311	0.406	0.382	0.17	0.041	0.359	0.067	0.311	0.017	0.112	0.087	0.265	0.136	0.454	0.162	0.406	0.112	0.207	0.182	0.24	0.112	0.429	0.138	0.382	0.087	0.182	0.158
CPI-SS0B990492C	CADM1_NECTIN3	simple:Q9BY67	simple:Q9NQS3	CADM1	NECTIN3	False	False	False	user_curated	False	0.212	0.181	0.268	0.323	0.252	0.17	0.23	0.0	0.084	0.053	0.14	0.195	0.124	0.041	0.102	0.0	0.402	0.37	0.457	0.512	0.441	0.359	0.419	0.0	0.11	0.079	0.166	0.221	0.15	0.067	0.128	0.0	0.354	0.323	0.41	0.465	0.394	0.311	0.372	0.0	0.059	0.028	0.115	0.17	0.099	0.017	0.077	0.0	0.155	0.123	0.21	0.265	0.194	0.112	0.172	0.0	0.13	0.099	0.186	0.241	0.17	0.087	0.148	0.0
CPI-SS0F1A060D4	PVR_NECTIN3	simple:P15151	simple:Q9NQS3	PVR	NECTIN3	True	True	False	user_curated	False	0.097	0.065	0.153	0.207	0.137	0.054	0.115	0.0	0.094	0.062	0.15	0.205	0.134	0.051	0.112	0.0	0.102	0.071	0.158	0.213	0.142	0.06	0.12	0.0	0.058	0.027	0.114	0.169	0.098	0.016	0.076	0.0	0.097	0.065	0.152	0.207	0.136	0.054	0.114	0.0	0.059	0.028	0.115	0.17	0.099	0.017	0.077	0.0	0.086	0.054	0.141	0.196	0.125	0.043	0.103	0.0	0.191	0.16	0.247	0.302	0.231	0.149	0.209	0.0
CPI-SS0C5E9FBFB	NECTIN1_NECTIN3	simple:Q15223	simple:Q9NQS3	NECTIN1	NECTIN3	True	True	False	user_curated	False	0.11	0.079	0.166	0.221	0.15	0.067	0.128	0.0	0.13	0.099	0.186	0.241	0.17	0.087	0.148	0.0	0.145	0.114	0.201	0.256	0.185	0.102	0.163	0.0	0.103	0.071	0.158	0.213	0.142	0.06	0.12	0.0	0.066	0.035	0.122	0.177	0.106	0.023	0.084	0.0	0.068	0.036	0.124	0.178	0.108	0.025	0.086	0.0	0.077	0.046	0.133	0.188	0.117	0.034	0.095	0.0	0.139	0.107	0.195	0.249	0.179	0.096	0.157	0.0
CPI-SS02FBD007E	NECTIN2_NECTIN3	simple:Q92692	simple:Q9NQS3	NECTIN2	NECTIN3	False	True	False	user_curated	False	0.449	0.418	0.505	0.56	0.489	0.406	0.467	0.0	0.38	0.349	0.436	0.491	0.42	0.337	0.398	0.0	0.701	0.669	0.756	0.811	0.74	0.658	0.719	0.0	0.544	0.512	0.599	0.654	0.584	0.501	0.562	0.0	0.256	0.224	0.311	0.366	0.295	0.213	0.274	0.0	0.226	0.195	0.282	0.337	0.266	0.183	0.244	0.0	0.18	0.149	0.236	0.291	0.22	0.138	0.198	0.0	0.341	0.309	0.396	0.451	0.38	0.298	0.358	0.0
CPI-SS0B84DAE3D	PVR_CD96	simple:P15151	simple:P40200	PVR	CD96	True	True	True	user_curated	False	0.051	0.075	0.0	0.0	0.0	0.0	0.0	0.0	0.048	0.072	0.0	0.0	0.0	0.0	0.0	0.0	0.057	0.081	0.0	0.0	0.0	0.0	0.0	0.0	0.013	0.037	0.0	0.0	0.0	0.0	0.0	0.0	0.051	0.075	0.0	0.0	0.0	0.0	0.0	0.0	0.014	0.038	0.0	0.0	0.0	0.0	0.0	0.0	0.04	0.064	0.0	0.0	0.0	0.0	0.0	0.0	0.146	0.17	0.0	0.0	0.0	0.0	0.0	0.0
CPI-SS0A8627ED6	PVR_CD226	simple:P15151	simple:Q15762	PVR	CD226	True	True	True	user_curated	False	0.0	0.056	0.05	0.0	0.0	0.0	0.0	0.054	0.0	0.053	0.047	0.0	0.0	0.0	0.0	0.052	0.0	0.061	0.056	0.0	0.0	0.0	0.0	0.06	0.0	0.017	0.012	0.0	0.0	0.0	0.0	0.016	0.0	0.055	0.05	0.0	0.0	0.0	0.0	0.054	0.0	0.018	0.013	0.0	0.0	0.0	0.0	0.017	0.0	0.044	0.039	0.0	0.0	0.0	0.0	0.043	0.0	0.15	0.145	0.0	0.0	0.0	0.0	0.149
CPI-SS01E0F2D2C	NECTIN1_NECTIN4	simple:Q15223	simple:Q96NY8	NECTIN1	NECTIN4	True	True	True	user_curated	False	0.075	0.062	0.119	0.111	0.0	0.0	0.0	0.0	0.095	0.082	0.139	0.13	0.0	0.0	0.0	0.0	0.11	0.097	0.154	0.145	0.0	0.0	0.0	0.0	0.068	0.055	0.111	0.103	0.0	0.0	0.0	0.0	0.031	0.018	0.075	0.067	0.0	0.0	0.0	0.0	0.033	0.02	0.076	0.068	0.0	0.0	0.0	0.0	0.042	0.029	0.086	0.077	0.0	0.0	0.0	0.0	0.104	0.091	0.148	0.139	0.0	0.0	0.0	0.0
CPI-SS06207F70E	CD226_NECTIN2	simple:Q15762	simple:Q92692	CD226	NECTIN2	False	True	True	user_curated	False	0.0	0.0	0.0	0.0	0.0	0.0	0.0	0.0	0.408	0.339	0.659	0.503	0.214	0.185	0.139	0.299	0.402	0.333	0.654	0.497	0.209	0.179	0.134	0.294	0.0	0.0	0.0	0.0	0.0	0.0	0.0	0.0	0.0	0.0	0.0	0.0	0.0	0.0	0.0	0.0	0.0	0.0	0.0	0.0	0.0	0.0	0.0	0.0	0.0	0.0	0.0	0.0	0.0	0.0	0.0	0.0	0.407	0.338	0.658	0.501	0.213	0.184	0.138	0.298
CPI-SS0E25CE362	EGFR_TGFA	simple:P00533	simple:P01135	EGFR	TGFA	True	True	False	user_curated	False	0.056	0.057	0.057	0.048	0.0	0.0	0.049	0.084	0.019	0.02	0.02	0.011	0.0	0.0	0.012	0.047	0.119	0.119	0.12	0.11	0.0	0.0	0.111	0.146	0.046	0.046	0.047	0.037	0.0	0.0	0.038	0.073	0.0	0.0	0.0	0.0	0.0	0.0	0.0	0.0	0.024	0.025	0.025	0.016	0.0	0.0	0.017	0.052	0.033	0.034	0.034	0.025	0.0	0.0	0.026	0.061	0.051	0.052	0.052	0.042	0.0	0.0	0.044	0.079
CPI-SS0481D83A4	EGFR_AREG	simple:P00533	simple:P15514	EGFR	AREG	True	True	False	user_curated	False	0.054	0.113	0.245	0.195	0.154	0.099	0.075	0.102	0.017	0.076	0.208	0.158	0.117	0.062	0.038	0.065	0.116	0.175	0.308	0.257	0.216	0.161	0.137	0.164	0.043	0.102	0.235	0.184	0.143	0.088	0.064	0.091	0.0	0.0	0.0	0.0	0.0	0.0	0.0	0.0	0.022	0.081	0.213	0.163	0.122	0.067	0.043	0.07	0.031	0.09	0.222	0.172	0.131	0.076	0.052	0.079	0.049	0.107	0.24	0.189	0.149	0.093	0.07	0.096
CPI-SS0A19E9C34	EGFR_BTC	simple:P00533	simple:P35070	EGFR	BTC	True	True	False	user_curated	False	0.07	0.07	0.087	0.048	0.048	0.049	0.049	0.067	0.033	0.033	0.05	0.011	0.011	0.012	0.012	0.03	0.132	0.132	0.15	0.11	0.11	0.111	0.111	0.129	0.059	0.059	0.076	0.037	0.037	0.038	0.038	0.056	0.0	0.0	0.0	0.0	0.0	0.0	0.0	0.0	0.038	0.038	0.055	0.016	0.016	0.017	0.017	0.035	0.047	0.047	0.064	0.025	0.025	0.026	0.026	0.044	0.065	0.065	0.082	0.042	0.043	0.043	0.044	0.061
CPI-SS06BC4D123	ERBB3_BTC	simple:P21860	simple:P35070	ERBB3	BTC	True	True	False	user_curated	False	0.438	0.438	0.456	0.416	0.416	0.417	0.417	0.435	0.257	0.257	0.274	0.234	0.235	0.235	0.236	0.253	0.658	0.658	0.675	0.636	0.636	0.637	0.637	0.655	0.434	0.434	0.451	0.412	0.412	0.413	0.413	0.431	0.181	0.181	0.199	0.159	0.159	0.16	0.16	0.178	0.096	0.096	0.114	0.074	0.074	0.075	0.075	0.093	0.193	0.193	0.211	0.171	0.171	0.172	0.172	0.19	0.573	0.573	0.591	0.551	0.551	0.552	0.552	0.57
CPI-SS0C10824C7	EGFR_HBEGF	simple:P00533	simple:Q99075	EGFR	HBEGF	True	True	True	user_curated	False	0.059	0.083	0.181	0.261	0.154	0.049	0.152	0.207	0.022	0.046	0.144	0.224	0.117	0.012	0.115	0.17	0.121	0.145	0.244	0.323	0.216	0.111	0.215	0.269	0.048	0.072	0.17	0.25	0.143	0.038	0.141	0.196	0.0	0.0	0.0	0.0	0.0	0.0	0.0	0.0	0.027	0.051	0.149	0.229	0.122	0.017	0.12	0.175	0.036	0.06	0.158	0.238	0.131	0.026	0.129	0.184	0.054	0.078	0.176	0.256	0.149	0.043	0.147	0.202
CPI-SS03098AC28	ERBB4_HBEGF	simple:Q15303	simple:Q99075	ERBB4	HBEGF	True	True	True	user_curated	False	0.024	0.048	0.146	0.226	0.119	0.014	0.117	0.172	0.029	0.053	0.151	0.23	0.124	0.018	0.122	0.177	0.138	0.162	0.261	0.34	0.233	0.128	0.232	0.286	0.041	0.065	0.163	0.243	0.136	0.03	0.134	0.189	0.0	0.0	0.0	0.0	0.0	0.0	0.0	0.0	0.027	0.051	0.149	0.229	0.122	0.017	0.12	0.175	0.045	0.069	0.167	0.246	0.139	0.034	0.138	0.193	0.0	0.0	0.0	0.0	0.0	0.0	0.0	0.0
CPI-SS0BF9FA3F2	ERBB3_NRG1	simple:P21860	simple:Q02297	ERBB3	NRG1	True	True	True	user_curated	False	0.444	0.412	0.464	0.423	0.0	0.417	0.452	0.0	0.262	0.23	0.283	0.242	0.0	0.235	0.27	0.0	0.663	0.631	0.684	0.643	0.0	0.637	0.671	0.0	0.439	0.408	0.46	0.419	0.0	0.413	0.448	0.0	0.186	0.155	0.207	0.166	0.0	0.16	0.195	0.0	0.102	0.07	0.122	0.081	0.0	0.075	0.11	0.0	0.199	0.167	0.219	0.178	0.0	0.172	0.207	0.0	0.579	0.547	0.599	0.559	0.0	0.552	0.587	0.0
CPI-SS074CF011C	ERBB4_NRG4	simple:Q15303	simple:Q8WWG1	ERBB4	NRG4	True	True	False	user_curated	False	0.008	0.0	0.022	0.086	0.0	0.014	0.0	0.0	0.013	0.0	0.027	0.091	0.0	0.018	0.0	0.0	0.122	0.0	0.137	0.201	0.0	0.128	0.0	0.0	0.025	0.0	0.039	0.103	0.0	0.03	0.0	0.0	0.0	0.0	0.0	0.0	0.0	0.0	0.0	0.0	0.011	0.0	0.025	0.089	0.0	0.017	0.0	0.0	0.029	0.0	0.043	0.107	0.0	0.034	0.0	0.0	0.0	0.0	0.0	0.0	0.0	0.0	0.0	0.0
CPI-SS0FEEB187C	PDGFB_PDGFRA	simple:P01127	simple:P16234	PDGFB	PDGFRA	True	False	True	user_curated	False	0.019	0.0	0.0	0.0	0.0	0.0	0.0	0.0	0.013	0.0	0.0	0.0	0.0	0.0	0.0	0.0	0.02	0.0	0.0	0.0	0.0	0.0	0.0	0.0	0.0	0.0	0.0	0.0	0.0	0.0	0.0	0.0	0.01	0.0	0.0	0.0	0.0	0.0	0.0	0.0	0.0	0.0	0.0	0.0	0.0	0.0	0.0	0.0	0.029	0.0	0.0	0.0	0.0	0.0	0.0	0.0	0.011	0.0	0.0	0.0	0.0	0.0	0.0	0.0
CPI-SS0B70EB09E	PDGFA_PDGFRA	simple:P04085	simple:P16234	PDGFA	PDGFRA	True	False	True	user_curated	False	0.207	0.0	0.0	0.0	0.0	0.0	0.0	0.0	0.124	0.0	0.0	0.0	0.0	0.0	0.0	0.0	0.208	0.0	0.0	0.0	0.0	0.0	0.0	0.0	0.26	0.0	0.0	0.0	0.0	0.0	0.0	0.0	0.063	0.0	0.0	0.0	0.0	0.0	0.0	0.0	0.044	0.0	0.0	0.0	0.0	0.0	0.0	0.0	0.098	0.0	0.0	0.0	0.0	0.0	0.0	0.0	0.117	0.0	0.0	0.0	0.0	0.0	0.0	0.0
CPI-SS085EE60B1	TGFB1_TGFBR3	simple:P01137	simple:Q03167	TGFB1	TGFBR3	True	False	True	user_curated	False	0.465	0.469	0.5	0.456	0.555	0.457	0.0	0.0	0.292	0.296	0.328	0.284	0.382	0.285	0.0	0.0	0.349	0.353	0.385	0.341	0.439	0.342	0.0	0.0	0.156	0.159	0.191	0.147	0.246	0.148	0.0	0.0	0.092	0.095	0.127	0.083	0.182	0.084	0.0	0.0	0.191	0.195	0.226	0.182	0.281	0.183	0.0	0.0	0.059	0.063	0.094	0.05	0.149	0.051	0.0	0.0	0.314	0.318	0.35	0.306	0.404	0.307	0.0	0.0
CPI-SS0D46E2B45	TGFB3_TGFBR3	simple:P10600	simple:Q03167	TGFB3	TGFBR3	True	False	True	user_curated	False	0.027	0.03	0.062	0.018	0.117	0.019	0.0	0.0	0.0	0.0	0.0	0.0	0.0	0.0	0.0	0.0	0.029	0.033	0.064	0.02	0.119	0.021	0.0	0.0	0.031	0.034	0.066	0.022	0.121	0.023	0.0	0.0	0.0	0.0	0.0	0.0	0.0	0.0	0.0	0.0	0.0	0.0	0.0	0.0	0.0	0.0	0.0	0.0	0.025	0.028	0.06	0.016	0.115	0.017	0.0	0.0	0.0	0.0	0.0	0.0	0.0	0.0	0.0	0.0
CPI-SS0178F5C45	TGFB2_TGFBR3	simple:P61812	simple:Q03167	TGFB2	TGFBR3	True	False	True	user_curated	False	0.0	0.0	0.0	0.0	0.0	0.0	0.0	0.0	0.0	0.0	0.0	0.0	0.0	0.0	0.0	0.0	0.0	0.0	0.0	0.0	0.0	0.0	0.0	0.0	0.023	0.027	0.059	0.015	0.113	0.016	0.0	0.0	0.0	0.0	0.0	0.0	0.0	0.0	0.0	0.0	0.0	0.0	0.0	0.0	0.0	0.0	0.0	0.0	0.0	0.0	0.0	0.0	0.0	0.0	0.0	0.0	0.0	0.0	0.0	0.0	0.0	0.0	0.0	0.0
CPI-SC098C06330	TGFB1_TGFbeta receptor1	simple:P01137	complex:TGFbeta receptor1	TGFB1		True	False	True	user_curated	False	0.468	0.488	0.513	0.537	0.464	0.457	0.0	0.466	0.295	0.316	0.34	0.365	0.291	0.285	0.0	0.294	0.352	0.373	0.397	0.422	0.348	0.342	0.0	0.351	0.159	0.179	0.204	0.228	0.155	0.148	0.0	0.157	0.095	0.115	0.14	0.164	0.091	0.084	0.0	0.093	0.194	0.214	0.239	0.263	0.19	0.183	0.0	0.193	0.062	0.083	0.107	0.131	0.058	0.051	0.0	0.061	0.317	0.338	0.362	0.386	0.313	0.307	0.0	0.316
CPI-SC0D5CFA431	TGFB3_TGFbeta receptor1	simple:P10600	complex:TGFbeta receptor1	TGFB3		True	False	True	user_curated	False	0.03	0.05	0.075	0.099	0.026	0.019	0.0	0.028	0.0	0.0	0.0	0.0	0.0	0.0	0.0	0.0	0.032	0.052	0.077	0.101	0.028	0.021	0.0	0.03	0.034	0.054	0.079	0.103	0.03	0.023	0.0	0.032	0.0	0.0	0.0	0.0	0.0	0.0	0.0	0.0	0.0	0.0	0.0	0.0	0.0	0.0	0.0	0.0	0.027	0.048	0.073	0.097	0.024	0.017	0.0	0.026	0.0	0.0	0.0	0.0	0.0	0.0	0.0	0.0
CPI-SC03DD946B2	TGFB2_TGFbeta receptor1	simple:P61812	complex:TGFbeta receptor1	TGFB2		True	False	True	user_curated	False	0.0	0.0	0.0	0.0	0.0	0.0	0.0	0.0	0.0	0.0	0.0	0.0	0.0	0.0	0.0	0.0	0.0	0.0	0.0	0.0	0.0	0.0	0.0	0.0	0.026	0.047	0.071	0.096	0.023	0.016	0.0	0.025	0.0	0.0	0.0	0.0	0.0	0.0	0.0	0.0	0.0	0.0	0.0	0.0	0.0	0.0	0.0	0.0	0.0	0.0	0.0	0.0	0.0	0.0	0.0	0.0	0.0	0.0	0.0	0.0	0.0	0.0	0.0	0.0
CPI-SC0984894BC	TGFB1_TGFbeta receptor2	simple:P01137	complex:TGFbeta receptor2	TGFB1		True	False	True	user_curated	False	0.468	0.495	0.513	0.508	0.464	0.0	0.0	0.466	0.295	0.322	0.34	0.335	0.291	0.0	0.0	0.294	0.352	0.379	0.397	0.392	0.348	0.0	0.0	0.351	0.159	0.186	0.204	0.199	0.155	0.0	0.0	0.157	0.095	0.122	0.14	0.135	0.091	0.0	0.0	0.093	0.194	0.221	0.239	0.234	0.19	0.0	0.0	0.193	0.062	0.089	0.107	0.102	0.058	0.0	0.0	0.061	0.317	0.344	0.362	0.357	0.313	0.0	0.0	0.316
CPI-SC0077CEB82	TGFB3_TGFbeta receptor2	simple:P10600	complex:TGFbeta receptor2	TGFB3		True	False	True	user_curated	False	0.03	0.057	0.075	0.07	0.026	0.0	0.0	0.028	0.0	0.0	0.0	0.0	0.0	0.0	0.0	0.0	0.032	0.059	0.077	0.072	0.028	0.0	0.0	0.03	0.034	0.061	0.079	0.074	0.03	0.0	0.0	0.032	0.0	0.0	0.0	0.0	0.0	0.0	0.0	0.0	0.0	0.0	0.0	0.0	0.0	0.0	0.0	0.0	0.027	0.055	0.073	0.067	0.024	0.0	0.0	0.026	0.0	0.0	0.0	0.0	0.0	0.0	0.0	0.0
CPI-SC032246C72	TGFB2_TGFbeta receptor2	simple:P61812	complex:TGFbeta receptor2	TGFB2		True	False	True	user_curated	False	0.0	0.0	0.0	0.0	0.0	0.0	0.0	0.0	0.0	0.0	0.0	0.0	0.0	0.0	0.0	0.0	0.0	0.0	0.0	0.0	0.0	0.0	0.0	0.0	0.026	0.053	0.071	0.066	0.023	0.0	0.0	0.025	0.0	0.0	0.0	0.0	0.0	0.0	0.0	0.0	0.0	0.0	0.0	0.0	0.0	0.0	0.0	0.0	0.0	0.0	0.0	0.0	0.0	0.0	0.0	0.0	0.0	0.0	0.0	0.0	0.0	0.0	0.0	0.0
CPI-SC0E60FEE99	TGFB1_aVb6 complex	simple:P01137	complex:aVb6 complex	TGFB1		True	False	False	user_curated	True	0.0	0.452	0.453	0.508	0.457	0.0	0.0	0.0	0.0	0.28	0.281	0.335	0.284	0.0	0.0	0.0	0.0	0.337	0.338	0.392	0.341	0.0	0.0	0.0	0.0	0.143	0.144	0.199	0.147	0.0	0.0	0.0	0.0	0.079	0.08	0.135	0.083	0.0	0.0	0.0	0.0	0.178	0.179	0.234	0.183	0.0	0.0	0.0	0.0	0.046	0.047	0.102	0.051	0.0	0.0	0.0	0.0	0.302	0.303	0.357	0.306	0.0	0.0	0.0
CPI-SC0859FAC25	IFNE_Type I IFNR	simple:Q86WN2	complex:Type I IFNR	IFNE		True	False	True	user_curated	False	0.04	0.077	0.058	0.055	0.026	0.019	0.019	0.055	0.033	0.069	0.05	0.047	0.018	0.012	0.012	0.047	0.034	0.07	0.051	0.048	0.019	0.013	0.013	0.048	0.0	0.0	0.0	0.0	0.0	0.0	0.0	0.0	0.0	0.0	0.0	0.0	0.0	0.0	0.0	0.0	0.0	0.0	0.0	0.0	0.0	0.0	0.0	0.0	0.0	0.0	0.0	0.0	0.0	0.0	0.0	0.0	0.0	0.0	0.0	0.0	0.0	0.0	0.0	0.0
CPI-SC09E5431A2	IFNG_Type II IFNR	simple:P01579	complex:Type II IFNR	IFNG		True	False	True	user_curated	False	0.0	0.0	0.0	0.0	0.0	0.0	0.0	0.0	0.128	0.125	0.101	0.08	0.044	0.023	0.084	0.156	0.0	0.0	0.0	0.0	0.0	0.0	0.0	0.0	0.0	0.0	0.0	0.0	0.0	0.0	0.0	0.0	0.0	0.0	0.0	0.0	0.0	0.0	0.0	0.0	0.0	0.0	0.0	0.0	0.0	0.0	0.0	0.0	0.0	0.0	0.0	0.0	0.0	0.0	0.0	0.0	0.0	0.0	0.0	0.0	0.0	0.0	0.0	0.0
CPI-SC067AD890A	VTN_aVb1 complex	simple:P04004	complex:aVb1 complex	VTN		True	False	False	user_curated	True	0.304	0.115	0.458	0.139	0.164	0.068	0.077	0.096	1.504	1.316	1.658	1.339	1.365	1.268	1.278	1.296	0.402	0.213	0.556	0.237	0.262	0.166	0.176	0.194	0.496	0.308	0.65	0.331	0.357	0.26	0.27	0.288	0.276	0.088	0.43	0.111	0.136	0.04	0.05	0.068	0.561	0.372	0.715	0.396	0.421	0.325	0.334	0.353	0.0	0.0	0.0	0.0	0.0	0.0	0.0	0.0	2.392	2.204	2.546	2.227	2.253	2.157	2.166	2.184
CPI-SS0755A26DD	FGF1_FGFR1	simple:P05230	simple:P11362	FGF1	FGFR1	True	False	True	user_curated	False	0.0	0.0	0.0	0.0	0.0	0.0	0.0	0.0	0.0	0.0	0.0	0.0	0.0	0.0	0.0	0.0	0.16	0.188	0.355	0.078	0.133	0.038	0.211	0.425	0.0	0.0	0.0	0.0	0.0	0.0	0.0	0.0	0.0	0.0	0.0	0.0	0.0	0.0	0.0	0.0	0.0	0.0	0.0	0.0	0.0	0.0	0.0	0.0	0.0	0.0	0.0	0.0	0.0	0.0	0.0	0.0	0.0	0.0	0.0	0.0	0.0	0.0	0.0	0.0
CPI-SS01F67987A	FGF2_FGFR1	simple:P09038	simple:P11362	FGF2	FGFR1	True	False	True	user_curated	False	0.0	0.0	0.0	0.0	0.0	0.0	0.0	0.0	0.0	0.0	0.0	0.0	0.0	0.0	0.0	0.0	0.0	0.0	0.0	0.0	0.0	0.0	0.0	0.0	0.0	0.0	0.0	0.0	0.0	0.0	0.0	0.0	0.0	0.0	0.0	0.0	0.0	0.0	0.0	0.0	0.0	0.0	0.0	0.0	0.0	0.0	0.0	0.0	0.0	0.0	0.0	0.0	0.0	0.0	0.0	0.0	0.165	0.193	0.359	0.082	0.138	0.042	0.216	0.43
CPI-SS05A94DE17	FGF2_FGFR2	simple:P09038	simple:P21802	FGF2	FGFR2	True	False	True	user_curated	False	0.0	0.0	0.0	0.0	0.0	0.0	0.0	0.0	0.0	0.0	0.0	0.0	0.0	0.0	0.0	0.0	0.0	0.0	0.0	0.0	0.0	0.0	0.0	0.0	0.0	0.0	0.0	0.0	0.0	0.0	0.0	0.0	0.0	0.0	0.0	0.0	0.0	0.0	0.0	0.0	0.0	0.0	0.0	0.0	0.0	0.0	0.0	0.0	0.0	0.0	0.0	0.0	0.0	0.0	0.0	0.0	0.0	0.0	0.013	0.046	0.0	0.0	0.0	0.018
CPI-SS008FB916C	FGF2_FGFR4	simple:P09038	simple:P22455	FGF2	FGFR4	True	False	True	user_curated	False	0.0	0.0	0.0	0.0	0.0	0.0	0.0	0.0	0.0	0.0	0.0	0.0	0.0	0.0	0.0	0.0	0.0	0.0	0.0	0.0	0.0	0.0	0.0	0.0	0.0	0.0	0.0	0.0	0.0	0.0	0.0	0.0	0.0	0.0	0.0	0.0	0.0	0.0	0.0	0.0	0.0	0.0	0.0	0.0	0.0	0.0	0.0	0.0	0.0	0.0	0.0	0.0	0.0	0.0	0.0	0.0	0.044	0.144	0.069	0.053	0.031	0.075	0.035	0.175
CPI-SS0D636A374	FGF2_FGFR3	simple:P09038	simple:P22607	FGF2	FGFR3	True	False	True	user_curated	False	0.0	0.0	0.0	0.0	0.0	0.0	0.0	0.0	0.0	0.0	0.0	0.0	0.0	0.0	0.0	0.0	0.0	0.0	0.0	0.0	0.0	0.0	0.0	0.0	0.0	0.0	0.0	0.0	0.0	0.0	0.0	0.0	0.0	0.0	0.0	0.0	0.0	0.0	0.0	0.0	0.0	0.0	0.0	0.0	0.0	0.0	0.0	0.0	0.0	0.0	0.0	0.0	0.0	0.0	0.0	0.0	0.046	0.042	0.064	0.031	0.0	0.025	0.0	0.088
CPI-SC0E3784FFB	LAMC1_a2b1 complex	simple:P11047	complex:a2b1 complex	LAMC1		True	False	False	user_curated	True	0.035	0.092	0.0	0.11	0.0	0.0	0.0	0.109	0.048	0.105	0.0	0.124	0.0	0.0	0.0	0.122	0.065	0.122	0.0	0.141	0.0	0.0	0.0	0.139	0.02	0.077	0.0	0.096	0.0	0.0	0.0	0.094	0.013	0.07	0.0	0.088	0.0	0.0	0.0	0.087	0.0	0.0	0.0	0.0	0.0	0.0	0.0	0.0	0.014	0.071	0.0	0.09	0.0	0.0	0.0	0.088	0.076	0.133	0.0	0.151	0.0	0.0	0.0	0.149
CPI-SC0EEF3A379	LAMC1_a6b1 complex	simple:P11047	complex:a6b1 complex	LAMC1		True	False	False	user_curated	True	0.323	0.283	0.666	0.309	0.295	0.105	0.116	0.372	0.336	0.296	0.68	0.322	0.308	0.118	0.129	0.385	0.353	0.313	0.697	0.339	0.325	0.135	0.146	0.402	0.308	0.268	0.651	0.294	0.28	0.09	0.101	0.357	0.301	0.261	0.644	0.287	0.273	0.083	0.094	0.35	0.0	0.0	0.0	0.0	0.0	0.0	0.0	0.0	0.302	0.262	0.645	0.288	0.274	0.084	0.095	0.351	0.363	0.323	0.707	0.35	0.335	0.145	0.156	0.412
CPI-SC0A2FE9693	LAMC1_a7b1 complex	simple:P11047	complex:a7b1 complex	LAMC1		True	False	False	user_curated	True	0.0	0.033	0.0	0.037	0.037	0.0	0.038	0.0	0.0	0.046	0.0	0.05	0.05	0.0	0.051	0.0	0.0	0.063	0.0	0.067	0.067	0.0	0.068	0.0	0.0	0.018	0.0	0.022	0.022	0.0	0.023	0.0	0.0	0.011	0.0	0.015	0.015	0.0	0.016	0.0	0.0	0.0	0.0	0.0	0.0	0.0	0.0	0.0	0.0	0.012	0.0	0.016	0.016	0.0	0.017	0.0	0.0	0.073	0.0	0.078	0.078	0.0	0.079	0.0
CPI-SS09808DEAE	CD74_APP	simple:P04233	simple:P05067	CD74	APP	False	True	False	user_curated	False	1.358	1.3	2.06	1.161	1.201	0.748	0.909	1.608	1.104	1.046	1.806	0.907	0.948	0.494	0.655	1.354	1.43	1.372	2.132	1.234	1.274	0.82	0.982	1.68	3.064	3.006	3.767	2.868	2.908	2.454	2.616	3.314	1.361	1.303	2.063	1.164	1.205	0.751	0.912	1.611	1.16	1.102	1.862	0.963	1.004	0.55	0.711	1.41	0.802	0.744	1.504	0.605	0.646	0.192	0.353	1.052	1.013	0.955	1.715	0.816	0.857	0.403	0.564	1.263
CPI-SS09C4FCB90	ICAM1_SPN	simple:P05362	simple:P16150	ICAM1	SPN	False	True	False	user_curated	False	0.0	0.0	0.0	0.0	0.0	0.0	0.0	0.0	0.009	0.023	0.011	0.0	0.0	0.0	0.0	0.0	0.037	0.051	0.038	0.0	0.0	0.0	0.0	0.0	0.098	0.112	0.1	0.0	0.0	0.0	0.0	0.0	0.056	0.069	0.057	0.0	0.0	0.0	0.0	0.0	0.0	0.0	0.0	0.0	0.0	0.0	0.0	0.0	0.0	0.0	0.0	0.0	0.0	0.0	0.0	0.0	0.0	0.0	0.0	0.0	0.0	0.0	0.0	0.0
CPI-SS0E9A581F8	ICAM1_ITGAL	simple:P05362	simple:P20701	ICAM1	ITGAL	False	True	True	user_curated	False	0.0	0.0	0.0	0.0	0.0	0.0	0.0	0.0	0.012	0.016	0.0	0.0	0.0	0.0	0.0	0.015	0.04	0.044	0.0	0.0	0.0	0.0	0.0	0.043	0.101	0.105	0.0	0.0	0.0	0.0	0.0	0.104	0.058	0.063	0.0	0.0	0.0	0.0	0.0	0.062	0.0	0.0	0.0	0.0	0.0	0.0	0.0	0.0	0.0	0.0	0.0	0.0	0.0	0.0	0.0	0.0	0.0	0.0	0.0	0.0	0.0	0.0	0.0	0.0
CPI-SC0F4AC5AA2	ICAM1_aLb2 complex	simple:P05362	complex:aLb2 complex	ICAM1		False	True	False	user_curated	True	0.0	0.0	0.0	0.0	0.0	0.0	0.0	0.0	0.009	0.013	0.0	0.0	0.0	0.0	0.0	0.0	0.037	0.041	0.0	0.0	0.0	0.0	0.0	0.0	0.098	0.102	0.0	0.0	0.0	0.0	0.0	0.0	0.056	0.06	0.0	0.0	0.0	0.0	0.0	0.0	0.0	0.0	0.0	0.0	0.0	0.0	0.0	0.0	0.0	0.0	0.0	0.0	0.0	0.0	0.0	0.0	0.0	0.0	0.0	0.0	0.0	0.0	0.0	0.0
CPI-SC0B6D68FD5	ICAM1_aMb2 complex	simple:P05362	complex:aMb2 complex	ICAM1		False	True	False	user_curated	True	0.0	0.0	0.0	0.0	0.0	0.0	0.0	0.0	0.009	0.0	0.0	0.0	0.0	0.0	0.0	0.0	0.037	0.0	0.0	0.0	0.0	0.0	0.0	0.0	0.098	0.0	0.0	0.0	0.0	0.0	0.0	0.0	0.056	0.0	0.0	0.0	0.0	0.0	0.0	0.0	0.0	0.0	0.0	0.0	0.0	0.0	0.0	0.0	0.0	0.0	0.0	0.0	0.0	0.0	0.0	0.0	0.0	0.0	0.0	0.0	0.0	0.0	0.0	0.0
CPI-SC0F9DD28F3	JAM3_aMb2 complex	simple:Q9BX67	complex:aMb2 complex	JAM3		True	False	False	user_curated	True	0.073	0.0	0.0	0.0	0.0	0.0	0.0	0.0	0.115	0.0	0.0	0.0	0.0	0.0	0.0	0.0	0.195	0.0	0.0	0.0	0.0	0.0	0.0	0.0	0.062	0.0	0.0	0.0	0.0	0.0	0.0	0.0	0.071	0.0	0.0	0.0	0.0	0.0	0.0	0.0	0.028	0.0	0.0	0.0	0.0	0.0	0.0	0.0	0.115	0.0	0.0	0.0	0.0	0.0	0.0	0.0	0.152	0.0	0.0	0.0	0.0	0.0	0.0	0.0
CPI-SC0A9458008	ICAM1_aXb2 complex	simple:P05362	complex:aXb2 complex	ICAM1		False	True	False	user_curated	True	0.0	0.0	0.0	0.0	0.0	0.0	0.0	0.0	0.009	0.0	0.011	0.0	0.0	0.0	0.0	0.0	0.037	0.0	0.038	0.0	0.0	0.0	0.0	0.0	0.098	0.0	0.1	0.0	0.0	0.0	0.0	0.0	0.056	0.0	0.057	0.0	0.0	0.0	0.0	0.0	0.0	0.0	0.0	0.0	0.0	0.0	0.0	0.0	0.0	0.0	0.0	0.0	0.0	0.0	0.0	0.0	0.0	0.0	0.0	0.0	0.0	0.0	0.0	0.0
CPI-SS0F9D53834	JAM3_JAM3	simple:Q9BX67	simple:Q9BX67	JAM3	JAM3	True	False	False	user_curated	False	0.14	0.182	0.262	0.129	0.138	0.095	0.182	0.219	0.182	0.224	0.304	0.171	0.18	0.137	0.224	0.261	0.262	0.304	0.385	0.251	0.26	0.217	0.304	0.341	0.129	0.171	0.251	0.118	0.127	0.084	0.171	0.208	0.138	0.18	0.26	0.127	0.136	0.093	0.18	0.217	0.095	0.137	0.217	0.084	0.093	0.05	0.137	0.174	0.182	0.224	0.304	0.171	0.18	0.137	0.224	0.261	0.219	0.261	0.341	0.208	0.217	0.174	0.261	0.298
CPI-SS087B53ABF	JAM2_JAM3	simple:P57087	simple:Q9BX67	JAM2	JAM3	True	False	False	user_curated	False	0.0	0.0	0.0	0.0	0.0	0.0	0.0	0.0	0.0	0.0	0.0	0.0	0.0	0.0	0.0	0.0	0.0	0.0	0.0	0.0	0.0	0.0	0.0	0.0	0.0	0.0	0.0	0.0	0.0	0.0	0.0	0.0	0.0	0.0	0.0	0.0	0.0	0.0	0.0	0.0	0.0	0.0	0.0	0.0	0.0	0.0	0.0	0.0	0.0	0.0	0.0	0.0	0.0	0.0	0.0	0.0	0.079	0.121	0.201	0.068	0.077	0.034	0.121	0.158
CPI-SS0B01CF3AB	CSF1R_CSF1	simple:P07333	simple:P09603	CSF1R	CSF1	True	True	False	user_curated	False	0.0	0.0	0.0	0.0	0.0	0.0	0.0	0.0	0.0	0.0	0.0	0.0	0.0	0.0	0.0	0.0	0.007	0.011	0.017	0.012	0.0	0.021	0.0	0.0	0.0	0.0	0.0	0.0	0.0	0.0	0.0	0.0	0.0	0.0	0.0	0.0	0.0	0.0	0.0	0.0	0.0	0.0	0.0	0.0	0.0	0.0	0.0	0.0	0.0	0.0	0.0	0.0	0.0	0.0	0.0	0.0	0.0	0.0	0.0	0.0	0.0	0.0	0.0	0.0
CPI-SS08376F0E6	CSF3_CSF3R	simple:P09919	simple:Q99062	CSF3	CSF3R	True	False	True	user_curated	False	0.013	0.0	0.0	0.0	0.0	0.019	0.0	0.02	0.006	0.0	0.0	0.0	0.0	0.012	0.0	0.012	0.007	0.0	0.0	0.0	0.0	0.013	0.0	0.013	0.032	0.0	0.0	0.0	0.0	0.038	0.0	0.038	0.0	0.0	0.0	0.0	0.0	0.0	0.0	0.0	0.0	0.0	0.0	0.0	0.0	0.0	0.0	0.0	0.0	0.0	0.0	0.0	0.0	0.0	0.0	0.0	0.0	0.0	0.0	0.0	0.0	0.0	0.0	0.0
CPI-SS02D7A1DDE	KIT_KITLG	simple:P10721	simple:P21583	KIT	KITLG	True	True	False	user_curated	False	0.011	0.199	0.017	0.148	0.023	0.016	0.0	0.184	0.006	0.194	0.012	0.143	0.018	0.012	0.0	0.179	0.007	0.195	0.013	0.144	0.019	0.013	0.0	0.18	0.017	0.205	0.023	0.154	0.03	0.023	0.0	0.19	0.01	0.198	0.016	0.147	0.023	0.016	0.0	0.183	0.0	0.0	0.0	0.0	0.0	0.0	0.0	0.0	0.02	0.208	0.026	0.157	0.032	0.026	0.0	0.193	0.011	0.2	0.017	0.148	0.024	0.017	0.0	0.184
CPI-SS039799099	FGFR1_NCAM1	simple:P11362	simple:P13591	FGFR1	NCAM1	True	True	True	user_curated	False	0.331	0.33	0.455	0.215	0.307	0.173	0.234	0.366	0.359	0.359	0.483	0.243	0.336	0.201	0.262	0.395	0.525	0.525	0.65	0.409	0.502	0.367	0.428	0.561	0.248	0.248	0.373	0.132	0.225	0.09	0.151	0.284	0.304	0.303	0.428	0.188	0.28	0.145	0.206	0.339	0.208	0.208	0.332	0.092	0.185	0.05	0.111	0.244	0.382	0.381	0.506	0.266	0.358	0.224	0.284	0.417	0.596	0.595	0.72	0.48	0.573	0.438	0.499	0.632
CPI-SS01A07768A	CD46_JAG1	simple:P15529	simple:P78504	CD46	JAG1	False	True	False	user_curated	False	1.113	1.067	1.25	1.113	1.069	1.062	1.14	1.063	0.816	0.77	0.953	0.815	0.772	0.765	0.843	0.765	1.363	1.317	1.5	1.362	1.319	1.312	1.39	1.312	0.691	0.646	0.829	0.691	0.648	0.641	0.719	0.641	0.514	0.468	0.651	0.513	0.47	0.463	0.541	0.463	0.134	0.088	0.272	0.134	0.09	0.083	0.161	0.084	0.438	0.392	0.576	0.438	0.394	0.388	0.466	0.388	1.059	1.013	1.197	1.059	1.015	1.008	1.086	1.009
CPI-SS0B87FE6E0	NOTCH1_JAG1	simple:P46531	simple:P78504	NOTCH1	JAG1	False	True	False	user_curated	False	0.07	0.024	0.207	0.07	0.026	0.019	0.097	0.02	0.076	0.03	0.213	0.075	0.032	0.025	0.103	0.025	0.149	0.103	0.286	0.149	0.105	0.098	0.176	0.099	0.066	0.021	0.204	0.066	0.023	0.016	0.094	0.016	0.0	0.0	0.0	0.0	0.0	0.0	0.0	0.0	0.0	0.0	0.0	0.0	0.0	0.0	0.0	0.0	0.094	0.048	0.231	0.093	0.05	0.043	0.121	0.043	0.0	0.0	0.0	0.0	0.0	0.0	0.0	0.0
CPI-SS012B7C21D	NOTCH1_DLL4	simple:P46531	simple:Q9NR61	NOTCH1	DLL4	False	True	False	user_curated	False	0.013	0.07	0.058	0.025	0.041	0.0	0.037	0.02	0.019	0.076	0.063	0.031	0.047	0.0	0.042	0.025	0.092	0.149	0.137	0.104	0.12	0.0	0.116	0.099	0.01	0.067	0.054	0.022	0.038	0.0	0.033	0.016	0.0	0.0	0.0	0.0	0.0	0.0	0.0	0.0	0.0	0.0	0.0	0.0	0.0	0.0	0.0	0.0	0.037	0.094	0.081	0.049	0.065	0.0	0.06	0.043	0.0	0.0	0.0	0.0	0.0	0.0	0.0	0.0
CPI-SS027CDEA08	NOTCH2_DLL4	simple:Q04721	simple:Q9NR61	NOTCH2	DLL4	False	True	False	user_curated	False	0.005	0.062	0.05	0.017	0.033	0.0	0.029	0.011	0.0	0.0	0.0	0.0	0.0	0.0	0.0	0.0	0.0	0.0	0.0	0.0	0.0	0.0	0.0	0.0	0.025	0.081	0.069	0.037	0.052	0.0	0.048	0.031	0.0	0.0	0.0	0.0	0.0	0.0	0.0	0.0	0.0	0.0	0.0	0.0	0.0	0.0	0.0	0.0	0.0	0.0	0.0	0.0	0.0	0.0	0.0	0.0	0.0	0.0	0.0	0.0	0.0	0.0	0.0	0.0
CPI-SS00D153A8A	NOTCH4_DLL4	simple:Q99466	simple:Q9NR61	NOTCH4	DLL4	False	True	False	user_curated	False	0.043	0.1	0.087	0.055	0.071	0.0	0.066	0.049	0.016	0.072	0.06	0.028	0.043	0.0	0.039	0.022	0.028	0.085	0.073	0.04	0.056	0.0	0.052	0.034	0.032	0.089	0.076	0.044	0.06	0.0	0.055	0.038	0.01	0.067	0.055	0.022	0.038	0.0	0.033	0.016	0.019	0.076	0.064	0.031	0.047	0.0	0.043	0.025	0.011	0.068	0.056	0.023	0.039	0.0	0.034	0.017	0.047	0.103	0.091	0.059	0.074	0.0	0.07	0.053
CPI-SS08C3D27F7	NOTCH1_JAG2	simple:P46531	simple:Q9Y219	NOTCH1	JAG2	False	True	False	user_curated	False	0.046	0.037	0.122	0.04	0.018	0.044	0.019	0.02	0.051	0.043	0.128	0.046	0.024	0.05	0.025	0.025	0.125	0.116	0.201	0.119	0.097	0.123	0.098	0.099	0.042	0.034	0.118	0.037	0.015	0.041	0.016	0.016	0.0	0.0	0.0	0.0	0.0	0.0	0.0	0.0	0.0	0.0	0.0	0.0	0.0	0.0	0.0	0.0	0.069	0.061	0.146	0.064	0.042	0.068	0.043	0.043	0.0	0.0	0.0	0.0	0.0	0.0	0.0	0.0
CPI-SS02770D68F	NOTCH2_JAG2	simple:Q04721	simple:Q9Y219	NOTCH2	JAG2	False	True	False	user_curated	False	0.038	0.029	0.114	0.032	0.01	0.036	0.011	0.011	0.0	0.0	0.0	0.0	0.0	0.0	0.0	0.0	0.0	0.0	0.0	0.0	0.0	0.0	0.0	0.0	0.057	0.048	0.133	0.051	0.03	0.055	0.031	0.031	0.0	0.0	0.0	0.0	0.0	0.0	0.0	0.0	0.0	0.0	0.0	0.0	0.0	0.0	0.0	0.0	0.0	0.0	0.0	0.0	0.0	0.0	0.0	0.0	0.0	0.0	0.0	0.0	0.0	0.0	0.0	0.0
CPI-SS05FEE05CB	NOTCH4_JAG2	simple:Q99466	simple:Q9Y219	NOTCH4	JAG2	False	True	False	user_curated	False	0.075	0.067	0.151	0.07	0.048	0.074	0.049	0.049	0.048	0.039	0.124	0.043	0.021	0.046	0.022	0.022	0.061	0.052	0.137	0.055	0.033	0.059	0.034	0.034	0.064	0.056	0.141	0.059	0.037	0.063	0.038	0.038	0.043	0.034	0.119	0.037	0.015	0.041	0.016	0.016	0.052	0.043	0.128	0.046	0.024	0.05	0.025	0.025	0.044	0.035	0.12	0.038	0.016	0.042	0.017	0.017	0.079	0.07	0.155	0.073	0.051	0.077	0.052	0.053
CPI-SS0C4D54E39	NOTCH3_JAG2	simple:Q9UM47	simple:Q9Y219	NOTCH3	JAG2	False	True	False	user_curated	False	0.038	0.029	0.114	0.032	0.01	0.036	0.011	0.011	0.042	0.033	0.118	0.036	0.014	0.04	0.015	0.015	0.039	0.031	0.115	0.034	0.012	0.038	0.013	0.013	0.0	0.0	0.0	0.0	0.0	0.0	0.0	0.0	0.0	0.0	0.0	0.0	0.0	0.0	0.0	0.0	0.0	0.0	0.0	0.0	0.0	0.0	0.0	0.0	0.044	0.035	0.12	0.038	0.016	0.042	0.017	0.017	0.044	0.035	0.12	0.038	0.016	0.042	0.017	0.018
CPI-SS03CC15FF3	PDGFRA_PDGFC	simple:P16234	simple:Q9NRA1	PDGFRA	PDGFC	True	True	False	user_curated	False	0.0	0.0	0.0	0.025	0.0	0.0	0.011	0.0	0.0	0.0	0.0	0.0	0.0	0.0	0.0	0.0	0.0	0.0	0.0	0.0	0.0	0.0	0.0	0.0	0.0	0.0	0.0	0.0	0.0	0.0	0.0	0.0	0.0	0.0	0.0	0.0	0.0	0.0	0.0	0.0	0.0	0.0	0.0	0.0	0.0	0.0	0.0	0.0	0.0	0.0	0.0	0.0	0.0	0.0	0.0	0.0	0.0	0.0	0.0	0.0	0.0	0.0	0.0	0.0
CPI-SS0BA601DC4	BDNF_NTRK2	simple:P23560	simple:Q16620	BDNF	NTRK2	True	False	True	user_curated	False	0.0	0.0	0.0	0.0	0.0	0.0	0.0	0.0	0.0	0.0	0.0	0.0	0.0	0.0	0.0	0.0	0.0	0.032	0.0	0.016	0.0	0.0	0.0	0.254	0.0	0.0	0.0	0.0	0.0	0.0	0.0	0.0	0.0	0.0	0.0	0.0	0.0	0.0	0.0	0.0	0.0	0.0	0.0	0.0	0.0	0.0	0.0	0.0	0.0	0.0	0.0	0.0	0.0	0.0	0.0	0.0	0.0	0.0	0.0	0.0	0.0	0.0	0.0	0.0
CPI-SS027E12A36	MDK_PTPRZ1	simple:P21741	simple:P23471	MDK	PTPRZ1	True	False	False	user_curated	False	4.575	4.576	4.59	4.705	0.0	0.0	0.0	0.0	2.332	2.332	2.346	2.461	0.0	0.0	0.0	0.0	2.947	2.948	2.962	3.077	0.0	0.0	0.0	0.0	1.422	1.422	1.436	1.551	0.0	0.0	0.0	0.0	3.162	3.162	3.176	3.291	0.0	0.0	0.0	0.0	1.603	1.603	1.617	1.732	0.0	0.0	0.0	0.0	1.166	1.167	1.181	1.296	0.0	0.0	0.0	0.0	1.555	1.556	1.57	1.685	0.0	0.0	0.0	0.0
CPI-SS012AFC842	MDK_ALK	simple:P21741	simple:Q9UM73	MDK	ALK	True	False	True	user_curated	False	0.0	0.0	4.577	0.0	0.0	0.0	0.0	0.0	0.0	0.0	2.333	0.0	0.0	0.0	0.0	0.0	0.0	0.0	2.949	0.0	0.0	0.0	0.0	0.0	0.0	0.0	1.423	0.0	0.0	0.0	0.0	0.0	0.0	0.0	3.163	0.0	0.0	0.0	0.0	0.0	0.0	0.0	1.604	0.0	0.0	0.0	0.0	0.0	0.0	0.0	1.168	0.0	0.0	0.0	0.0	0.0	0.0	0.0	1.557	0.0	0.0	0.0	0.0	0.0
CPI-SS087BD262F	CXCR2_CXCL5	simple:P25025	simple:P42830	CXCR2	CXCL5	True	True	False	user_curated	False	0.008	0.013	0.02	0.032	0.0	0.0	0.0	0.0	0.015	0.02	0.027	0.039	0.0	0.0	0.0	0.0	0.0	0.0	0.0	0.0	0.0	0.0	0.0	0.0	0.0	0.0	0.0	0.0	0.0	0.0	0.0	0.0	0.0	0.0	0.0	0.0	0.0	0.0	0.0	0.0	0.0	0.0	0.0	0.0	0.0	0.0	0.0	0.0	0.0	0.0	0.0	0.0	0.0	0.0	0.0	0.0	0.0	0.0	0.0	0.0	0.0	0.0	0.0	0.0
CPI-SS0D4BF6CA3	CD27_CD70	simple:P26842	simple:P32970	CD27	CD70	True	True	False	user_curated	False	0.0	0.0	0.0	0.0	0.0	0.0	0.0	0.0	0.0	0.02	0.0	0.0	0.0	0.0	0.0	0.0	0.0	0.008	0.0	0.0	0.0	0.0	0.0	0.0	0.0	0.011	0.0	0.0	0.0	0.0	0.0	0.0	0.0	0.0	0.0	0.0	0.0	0.0	0.0	0.0	0.0	0.0	0.0	0.0	0.0	0.0	0.0	0.0	0.0	0.0	0.0	0.0	0.0	0.0	0.0	0.0	0.0	0.0	0.0	0.0	0.0	0.0	0.0	0.0
CPI-SS03EACE0E0	MST1_MST1R	simple:P26927	simple:Q04912	MST1	MST1R	True	False	True	user_curated	False	0.161	0.173	0.2	0.191	0.156	0.119	0.119	0.163	0.186	0.197	0.225	0.216	0.18	0.143	0.143	0.188	0.149	0.161	0.188	0.179	0.144	0.107	0.107	0.151	0.132	0.143	0.171	0.162	0.126	0.089	0.09	0.134	0.097	0.108	0.135	0.126	0.091	0.054	0.054	0.098	0.084	0.096	0.123	0.114	0.079	0.042	0.042	0.086	0.086	0.097	0.124	0.115	0.08	0.043	0.043	0.087	0.288	0.299	0.327	0.318	0.282	0.245	0.245	0.289
CPI-SS098EFF959	CCR7_CCL19	simple:P32248	simple:Q99731	CCR7	CCL19	True	True	False	user_curated	False	0.0	0.0	0.0	0.0	0.0	0.0	0.0	0.0	0.0	0.026	0.0	0.017	0.0	0.027	0.0	0.027	0.0	0.0	0.0	0.0	0.0	0.0	0.0	0.0	0.0	0.0	0.0	0.0	0.0	0.0	0.0	0.0	0.0	0.0	0.0	0.0	0.0	0.0	0.0	0.0	0.0	0.0	0.0	0.0	0.0	0.0	0.0	0.0	0.0	0.0	0.0	0.0	0.0	0.0	0.0	0.0	0.0	0.0	0.0	0.0	0.0	0.0	0.0	0.0
CPI-SC0EB9D030F	ARTN_RET receptor 1	simple:Q5T4W7	complex:RET receptor 1	ARTN		True	False	True	user_curated	False	0.0	0.015	0.022	0.0	0.013	0.014	0.0	0.0	0.0	0.013	0.02	0.0	0.011	0.012	0.0	0.0	0.0	0.027	0.034	0.0	0.025	0.025	0.0	0.0	0.0	0.025	0.032	0.0	0.022	0.023	0.0	0.0	0.0	0.0	0.0	0.0	0.0	0.0	0.0	0.0	0.0	0.018	0.025	0.0	0.016	0.017	0.0	0.0	0.0	0.018	0.026	0.0	0.016	0.017	0.0	0.0	0.0	0.019	0.026	0.0	0.016	0.017	0.0	0.0
CPI-SC0273E24EB	ARTN_RET receptor 3	simple:Q5T4W7	complex:RET receptor 3	ARTN		True	False	True	user_curated	False	0.022	0.091	0.04	0.035	0.043	0.039	0.031	0.049	0.019	0.089	0.037	0.033	0.041	0.037	0.029	0.047	0.033	0.103	0.051	0.047	0.055	0.05	0.043	0.061	0.031	0.1	0.049	0.044	0.053	0.048	0.041	0.059	0.0	0.0	0.0	0.0	0.0	0.0	0.0	0.0	0.024	0.094	0.043	0.038	0.046	0.042	0.034	0.052	0.025	0.094	0.043	0.038	0.046	0.042	0.034	0.052	0.025	0.094	0.043	0.038	0.047	0.042	0.035	0.053
CPI-SS03F821467	CD96_NECTIN1	simple:P40200	simple:Q15223	CD96	NECTIN1	True	True	True	user_curated	False	0.065	0.084	0.099	0.057	0.021	0.022	0.031	0.093	0.089	0.109	0.124	0.081	0.045	0.046	0.055	0.117	0.0	0.0	0.0	0.0	0.0	0.0	0.0	0.0	0.0	0.0	0.0	0.0	0.0	0.0	0.0	0.0	0.0	0.0	0.0	0.0	0.0	0.0	0.0	0.0	0.0	0.0	0.0	0.0	0.0	0.0	0.0	0.0	0.0	0.0	0.0	0.0	0.0	0.0	0.0	0.0	0.0	0.0	0.0	0.0	0.0	0.0	0.0	0.0
CPI-SS0DC2DD9D7	THPO_MPL	simple:P40225	simple:P40238	THPO	MPL	True	False	True	user_curated	False	0.0	0.0	0.0	0.0	0.0	0.0	0.0	0.0	0.0	0.0	0.0	0.0	0.0	0.012	0.0	0.0	0.0	0.0	0.0	0.0	0.0	0.013	0.0	0.0	0.0	0.0	0.0	0.0	0.0	0.0	0.0	0.0	0.0	0.0	0.0	0.0	0.0	0.0	0.0	0.0	0.0	0.0	0.0	0.0	0.0	0.0	0.0	0.0	0.0	0.0	0.0	0.0	0.0	0.0	0.0	0.0	0.0	0.0	0.0	0.0	0.0	0.0	0.0	0.0
CPI-SS0431D2256	TNFSF9_TNFRSF9	simple:P41273	simple:Q07011	TNFSF9	TNFRSF9	True	False	True	user_curated	False	0.0	0.0	0.0	0.0	0.0	0.0	0.0	0.0	0.006	0.0	0.008	0.0	0.0	0.0	0.0	0.012	0.0	0.0	0.0	0.0	0.0	0.0	0.0	0.0	0.01	0.0	0.012	0.0	0.0	0.0	0.0	0.016	0.0	0.0	0.0	0.0	0.0	0.0	0.0	0.0	0.0	0.0	0.0	0.0	0.0	0.0	0.0	0.0	0.0	0.0	0.0	0.0	0.0	0.0	0.0	0.0	0.0	0.0	0.0	0.0	0.0	0.0	0.0	0.0
CPI-SS0B2979A10	CCR10_CCL27	simple:P46092	simple:Q9Y4X3	CCR10	CCL27	True	True	False	user_curated	False	0.03	0.0	0.0	0.0	0.0	0.0	0.0	0.0	0.029	0.0	0.0	0.0	0.0	0.0	0.0	0.0	0.033	0.0	0.0	0.0	0.0	0.0	0.0	0.0	0.017	0.0	0.0	0.0	0.0	0.0	0.0	0.0	0.0	0.0	0.0	0.0	0.0	0.0	0.0	0.0	0.011	0.0	0.0	0.0	0.0	0.0	0.0	0.0	0.0	0.0	0.0	0.0	0.0	0.0	0.0	0.0	0.02	0.0	0.0	0.0	0.0	0.0	0.0	0.0
CPI-SS0A28DCA72	CXCL12_CXCR4	simple:P48061	simple:P61073	CXCL12	CXCR4	True	False	True	user_curated	False	0.0	0.042	0.0	0.0	0.0	0.0	0.0	0.0	0.0	0.0	0.0	0.0	0.0	0.0	0.0	0.0	0.0	0.0	0.0	0.0	0.0	0.0	0.0	0.0	0.0	0.047	0.0	0.0	0.0	0.0	0.0	0.0	0.0	0.0	0.0	0.0	0.0	0.0	0.0	0.0	0.0	0.0	0.0	0.0	0.0	0.0	0.0	0.0	0.0	0.0	0.0	0.0	0.0	0.0	0.0	0.0	0.0	0.0	0.0	0.0	0.0	0.0	0.0	0.0
CPI-SS095E52E66	TNFSF10_TNFRSF10D	simple:P50591	simple:Q9UBN6	TNFSF10	TNFRSF10D	True	False	True	user_curated	False	0.296	0.3	0.302	0.367	0.0	0.301	0.0	0.337	0.243	0.247	0.249	0.314	0.0	0.248	0.0	0.284	0.289	0.293	0.295	0.36	0.0	0.295	0.0	0.33	0.267	0.271	0.273	0.338	0.0	0.273	0.0	0.309	0.185	0.188	0.19	0.255	0.0	0.19	0.0	0.226	0.061	0.065	0.067	0.132	0.0	0.067	0.0	0.102	0.08	0.084	0.086	0.151	0.0	0.086	0.0	0.121	0.503	0.507	0.509	0.574	0.0	0.508	0.0	0.544
CPI-SS07F015051	CCR6_CCL20	simple:P51684	simple:P78556	CCR6	CCL20	True	True	False	user_curated	False	0.016	0.015	0.014	0.049	0.0	0.0	0.0	0.0	0.024	0.023	0.022	0.057	0.0	0.0	0.0	0.0	0.028	0.027	0.026	0.061	0.0	0.0	0.0	0.0	0.0	0.0	0.0	0.0	0.0	0.0	0.0	0.0	0.0	0.0	0.0	0.0	0.0	0.0	0.0	0.0	0.0	0.0	0.0	0.0	0.0	0.0	0.0	0.0	0.0	0.0	0.0	0.0	0.0	0.0	0.0	0.0	0.0	0.0	0.0	0.0	0.0	0.0	0.0	0.0
CPI-SS0339AE950	SIRPA_CD47	simple:P78324	simple:Q08722	SIRPA	CD47	False	True	True	user_curated	False	0.551	0.808	0.454	0.373	0.172	0.097	0.221	0.874	0.618	0.875	0.521	0.44	0.239	0.164	0.288	0.941	0.559	0.815	0.462	0.38	0.179	0.104	0.228	0.881	0.56	0.817	0.463	0.382	0.181	0.106	0.23	0.883	0.553	0.81	0.456	0.375	0.174	0.099	0.223	0.876	0.554	0.811	0.457	0.376	0.175	0.1	0.224	0.877	0.0	0.0	0.0	0.0	0.0	0.0	0.0	0.0	0.669	0.925	0.572	0.49	0.289	0.214	0.338	0.991
CPI-SS06D13FCD3	DSC2_DSG2	simple:Q02487	simple:Q14126	DSC2	DSG2	False	False	False	user_curated	False	0.247	0.221	0.376	0.271	0.141	0.0	0.185	0.397	0.181	0.155	0.31	0.205	0.075	0.0	0.119	0.331	0.264	0.238	0.393	0.288	0.158	0.0	0.202	0.414	0.234	0.207	0.362	0.257	0.127	0.0	0.171	0.383	0.22	0.193	0.349	0.244	0.114	0.0	0.158	0.37	0.183	0.156	0.312	0.207	0.077	0.0	0.12	0.333	0.209	0.183	0.338	0.233	0.103	0.0	0.147	0.359	0.184	0.157	0.312	0.207	0.077	0.0	0.121	0.333
CPI-SS0E9015902	CD47_SIRPG	simple:Q08722	simple:Q9P1W8	CD47	SIRPG	False	True	False	user_curated	False	0.0	0.552	0.0	0.0	0.0	0.0	0.0	0.0	0.0	0.809	0.0	0.0	0.0	0.0	0.0	0.0	0.0	0.455	0.0	0.0	0.0	0.0	0.0	0.0	0.0	0.374	0.0	0.0	0.0	0.0	0.0	0.0	0.0	0.173	0.0	0.0	0.0	0.0	0.0	0.0	0.0	0.098	0.0	0.0	0.0	0.0	0.0	0.0	0.0	0.222	0.0	0.0	0.0	0.0	0.0	0.0	0.0	0.875	0.0	0.0	0.0	0.0	0.0	0.0
CPI-SC0ED0520DD	LAMA3_a3b1 complex	simple:Q16787	complex:a3b1 complex	LAMA3		True	False	False	user_curated	True	0.108	0.123	0.299	0.096	0.061	0.058	0.103	0.219	0.106	0.122	0.297	0.095	0.06	0.057	0.101	0.217	0.112	0.128	0.303	0.101	0.066	0.063	0.108	0.223	0.18	0.196	0.371	0.169	0.134	0.131	0.176	0.291	0.0	0.0	0.0	0.0	0.0	0.0	0.0	0.0	0.0	0.0	0.0	0.0	0.0	0.0	0.0	0.0	0.0	0.0	0.0	0.0	0.0	0.0	0.0	0.0	0.117	0.133	0.308	0.106	0.071	0.068	0.112	0.228
